i lambda [nm]            el [W/(cm2nm)]         Photonen [cm-2 nm^-1 s-1]
1 2.8E+02 4.7309E-27 6.66845377704041E-9
2 2.805E+02 1.2307E-25 1.73783448844279E-7
3 2.81E+02 5.6895E-25 8.04829279072275E-7
4 2.815E+02 1.5662E-23 2.21946839171843E-5
5 2.82E+02 1.1946E-22 1.69587939831654E-4
6 2.825E+02 4.5436E-22 6.46162706071816E-4
7 2.83E+02 1.8452E-21 0.00262877385710268
8 2.835E+02 3.536E-21 0.00504648126414849
9 2.84E+02 7.267E-20 0.10389552593256
10 2.845E+02 2.4856E-19 0.355989227924483
11 2.85E+02 8.0142E-19 1.14981609087427
12 2.855E+02 4.2613E-18 6.12451310523006
13 2.86E+02 1.3684E-17 19.7016429558224
14 2.865E+02 8.3823E-17 120.895788458398
15 2.87E+02 2.7367E-16 395.396148468942
16 2.875E+02 1.0903E-15 1578.00075530653
17 2.88E+02 6.2337E-15 9037.77928788981
18 2.885E+02 1.7162E-14 24925.1086879212
19 2.89E+02 5.6265E-14 81857.6950475572
20 2.895E+02 2.0749E-13 302391.155398063
21 2.9E+02 6.0168E-13 878389.06209722
22 2.905E+02 1.3783E-12 2015641.25429165
23 2.91E+02 3.5052E-12 5134866.27142154
24 2.915E+02 1.0913E-11 16014229.9366682
25 2.92E+02 2.683E-11 39439088.555103
26 2.925E+02 4.2685E-11 62852781.5009857
27 2.93E+02 8.6466E-11 127537040.381681
28 2.935E+02 2.2707E-10 335498985.432611
29 2.94E+02 4.1744E-10 617823947.224025
30 2.945E+02 6.5911E-10 977161945.602403
31 2.95E+02 1.229E-9 1825144459.92977
32 2.955E+02 2.7826E-9 4139344874.22948
33 2.96E+02 4.7904E-9 7138169155.49607
34 2.965E+02 7.1345E-9 10649067641.5658
35 2.97E+02 9.68E-9 14472886366.2608
36 2.975E+02 1.8608E-8 27868270228.8922
37 2.98E+02 2.8988E-8 43486841185.8183
38 2.985E+02 3.5789E-8 53779560012.4486
39 2.99E+02 4.9211E-8 74072452514.1387
40 2.995E+02 8.6068E-8 129766288553.411
41 3E+02 1.0205E-7 154119506394.202
42 3.005E+02 1.245E-7 188337661378.294
43 3.01E+02 1.93E-7 292446986279.875
44 3.015E+02 2.6914E-7 408497036459.482
45 3.02E+02 2.9209E-7 444065442431.818
46 3.025E+02 4.284E-7 652376317267.059
47 3.03E+02 7.0945E-7 1082150755996.87
48 3.035E+02 8.9795E-7 1371937085340.04
49 3.04E+02 9.4701E-7 1449277314392.08
50 3.045E+02 1.1953E-6 1832261946917.04
51 3.05E+02 1.6463E-6 2527738616035.15
52 3.055E+02 1.8719E-6 2878837853271.21
53 3.06E+02 1.8577E-6 2861675288281.03
54 3.065E+02 2.1108E-6 3256873646274.51
55 3.07E+02 2.7849E-6 4303990720256.88
56 3.075E+02 3.5635E-6 5516266365131.13
57 3.08E+02 3.7837E-6 5866657805450.68
58 3.085E+02 4.143E-6 6434183569321.53
59 3.09E+02 4.0534E-6 6305235153697.26
60 3.095E+02 4.3306E-6 6747331853468.27
61 3.1E+02 5.0939E-6 7949420206521.04
62 3.105E+02 6.554E-6 10244514634780.6
63 3.11E+02 8.2922E-6 12982355667376.9
64 3.115E+02 8.408E-6 13184816797027.7
65 3.12E+02 9.3376E-6 14666051494588.5
66 3.125E+02 9.8984E-6 15571783869144.7
67 3.13E+02 1.0733E-5 16911760223627.9
68 3.135E+02 1.0757E-5 16976652514896
69 3.14E+02 1.1969E-5 18919552533663.6
70 3.145E+02 1.306E-5 20676983079482.4
71 3.15E+02 1.3625E-5 21605802923587
72 3.155E+02 1.1838E-5 18801869969529.1
73 3.16E+02 1.2348E-5 19642965282573
74 3.165E+02 1.5036E-5 23956831431073.9
75 3.17E+02 1.7158E-5 27380997862342.4
76 3.175E+02 1.8245E-5 29161572763237.1
77 3.18E+02 1.7594E-5 28165343569128.5
78 3.185E+02 1.8591E-5 29808185015999.1
79 3.19E+02 2.047E-5 32872434701574.1
80 3.195E+02 1.9589E-5 31506958025038.3
81 3.2E+02 2.0527E-5 33067305388901.2
82 3.205E+02 2.4525E-5 39569484782912.1
83 3.21E+02 2.5024E-5 40437575550897.6
84 3.215E+02 2.3843E-5 38589150814720.3
85 3.22E+02 2.2203E-5 35990748291735.7
86 3.225E+02 2.1709E-5 35244624121853.1
87 3.23E+02 2.1226E-5 34513899317316.2
88 3.235E+02 2.4861E-5 40487058408585.1
89 3.24E+02 2.7537E-5 44914335672545.9
90 3.245E+02 2.8321E-5 46264367676678.7
91 3.25E+02 2.7894E-5 45637043645009.2
92 3.255E+02 3.2436E-5 53149799467922.9
93 3.26E+02 3.812E-5 62559581914143.9
94 3.265E+02 4.0722E-5 66932281793535.9
95 3.27E+02 3.9806E-5 65526902184861.2
96 3.275E+02 3.8465E-5 63416225098998.8
97 3.28E+02 3.5116E-5 57983206675966.8
98 3.285E+02 3.7164E-5 61458388853692.9
99 3.29E+02 4.2235E-5 69950648015415.6
100 3.295E+02 4.6878E-5 77758493736281.8
101 3.3E+02 4.7139E-5 78310076953531.7
102 3.305E+02 4.28E-5 71209605283310.3
103 3.31E+02 4.0262E-5 67088284059864.5
104 3.315E+02 4.1806E-5 69766268428899.4
105 3.32E+02 4.3623E-5 72908297746469.9
106 3.325E+02 4.3919E-5 73513557241261.2
107 3.33E+02 4.2944E-5 71989651853775.5
108 3.335E+02 4.0724E-5 68370634871649.8
109 3.34E+02 4.1497E-5 69772858088669.8
110 3.345E+02 4.4509E-5 74949252305350.1
111 3.35E+02 4.6388E-5 78230084826907.4
112 3.355E+02 4.5313E-5 76531228754929.9
113 3.36E+02 4.1519E-5 70227871830461.3
114 3.365E+02 3.8214E-5 64733771943087.1
115 3.37E+02 3.738E-5 63415079837274.1
116 3.375E+02 4.0051E-5 68047235614095.6
117 3.38E+02 4.3411E-5 73865192863713.9
118 3.385E+02 4.5527E-5 77580228085434.9
119 3.39E+02 4.6355E-5 79107858719849.6
120 3.395E+02 4.7446E-5 81089146401397.1
121 3.4E+02 5.018E-5 85888085007112.8
122 3.405E+02 5.0071E-5 85827552261575
123 3.41E+02 4.7139E-5 80920412851982.8
124 3.415E+02 4.6935E-5 80688357655951.4
125 3.42E+02 4.8934E-5 84248110490142.3
126 3.425E+02 5.0767E-5 87531711776308.9
127 3.43E+02 5.1489E-5 88906174352531.6
128 3.435E+02 4.8609E-5 84055623457438
129 3.44E+02 4.1843E-5 72461046613819.7
130 3.445E+02 4.0307E-5 69902554574150.3
131 3.45E+02 4.5898E-5 79714293681070.5
132 3.455E+02 4.8932E-5 85106820180219.4
133 3.46E+02 4.7778E-5 83219942337734.9
134 3.465E+02 4.8657E-5 84873461147762.8
135 3.47E+02 4.9404E-5 86300822230377.4
136 3.475E+02 4.7674E-5 83398789429149.8
137 3.48E+02 4.7511E-5 83233232407860
138 3.485E+02 4.8336E-5 84800192085021.9
139 3.49E+02 4.6564E-5 81808617436326.2
140 3.495E+02 4.7805E-5 84109267013215.8
141 3.5E+02 5.2798E-5 93026966993642.8
142 3.505E+02 5.6741E-5 100117121240106
143 3.51E+02 5.5172E-5 97487557529972.2
144 3.515E+02 5.3022E-5 93822020268291
145 3.52E+02 5.1791E-5 91774136246711.2
146 3.525E+02 4.8962E-5 86884362025337.3
147 3.53E+02 5.204E-5 92477342048089.4
148 3.535E+02 5.7228E-5 101840689794752
149 3.54E+02 6.0498E-5 107812129734904
150 3.545E+02 6.1156E-5 109138670029856
151 3.55E+02 6.114E-5 109264009486665
152 3.555E+02 5.9028E-5 105638206514187
153 3.56E+02 5.5387E-5 99261580526977.5
154 3.565E+02 5.1942E-5 93218379242266.9
155 3.57E+02 4.5673E-5 82082599279720.1
156 3.575E+02 4.6215E-5 83172996675253.1
157 3.58E+02 4.3006E-5 77506017642726.7
158 3.585E+02 3.9926E-5 72055694440886
159 3.59E+02 4.6953E-5 84855723434851.5
160 3.595E+02 5.6549E-5 102340414050868
161 3.6E+02 5.9817E-5 108405289728352
162 3.605E+02 5.6531E-5 102592421971498
163 3.61E+02 5.2024E-5 94544068771365.6
164 3.615E+02 5.0956E-5 92731434093352.8
165 3.62E+02 5.342E-5 97349965031237.4
166 3.625E+02 5.851E-5 106773002308761
167 3.63E+02 6.0191E-5 109992108998940
168 3.635E+02 5.8541E-5 107124275474756
169 3.64E+02 6.0628E-5 111095884561654
170 3.645E+02 6.0058E-5 110202575382194
171 3.65E+02 6.2359E-5 114581723966067
172 3.655E+02 6.8628E-5 126273456759830
173 3.66E+02 7.3532E-5 135481753688366
174 3.665E+02 7.3658E-5 135899308562051
175 3.67E+02 7.2285E-5 133548063587512
176 3.675E+02 7.0914E-5 131193606846027
177 3.68E+02 6.6759E-5 123674734570386
178 3.685E+02 6.631E-5 123009843437084
179 3.69E+02 6.9315E-5 128758805589695
180 3.695E+02 7.4469E-5 138520263931308
181 3.7E+02 7.5507E-5 140641109934463
182 3.705E+02 6.8261E-5 127316357257018
183 3.71E+02 6.9338E-5 129499641419173
184 3.715E+02 7.2051E-5 134747953038054
185 3.72E+02 6.7444E-5 126301818977665
186 3.725E+02 6.4253E-5 120487788339674
187 3.73E+02 6.1886E-5 116204939905975
188 3.735E+02 5.5786E-5 104891229061393
189 3.74E+02 5.564E-5 104756762749608
190 3.745E+02 5.5227E-5 104118192499507
191 3.75E+02 5.893E-5 111247703476364
192 3.755E+02 6.5162E-5 123176452588925
193 3.76E+02 6.748E-5 127728044866789
194 3.765E+02 6.639E-5 125831969691684
195 3.77E+02 7.1225E-5 135175241377870
196 3.775E+02 7.9455E-5 150994640900151
197 3.78E+02 8.5595E-5 162878417724280
198 3.785E+02 8.3418E-5 158945780257789
199 3.79E+02 7.4389E-5 141929043582525
200 3.795E+02 6.6683E-5 127394376009593
201 3.8E+02 7.0077E-5 134054823022795
202 3.805E+02 7.5075E-5 143804788474221
203 3.81E+02 7.6383E-5 146502499032568
204 3.815E+02 6.8837E-5 132202547186752
205 3.82E+02 5.8678E-5 112839722990299
206 3.825E+02 5.0762E-5 97744765693950.6
207 3.83E+02 4.5499E-5 87725120052510.5
208 3.835E+02 4.4049E-5 85040296834890.4
209 3.84E+02 5.0968E-5 98526297329070
210 3.845E+02 6.1359E-5 118767595160793
211 3.85E+02 6.7355E-5 130543098186342
212 3.855E+02 6.4363E-5 124906203039826
213 3.86E+02 6.21E-5 120670816265649
214 3.865E+02 6.457E-5 125632971028030
215 3.87E+02 6.5147E-5 126919610907902
216 3.875E+02 6.4204E-5 125244060282759
217 3.88E+02 6.3582E-5 124190751747698
218 3.885E+02 6.3136E-5 123478524807811
219 3.89E+02 6.8543E-5 134225816890954
220 3.895E+02 7.597E-5 148961121732776
221 3.9E+02 7.9699E-5 156473510065115
222 3.905E+02 8.0371E-5 157995150099738
223 3.91E+02 8.5138E-5 167580525080428
224 3.915E+02 8.6344E-5 170171675957195
225 3.92E+02 7.9493E-5 156869423267789
226 3.925E+02 6.6257E-5 130916617117444
227 3.93E+02 4.7975E-5 94914131780823.2
228 3.935E+02 3.8152E-5 75576259187618.8
229 3.94E+02 4.9567E-5 98313283682375.1
230 3.945E+02 6.8385E-5 135809829641051
231 3.95E+02 8.0772E-5 160613215885567
232 3.955E+02 8.6038E-5 171301095314310
233 3.96E+02 7.5655E-5 150819038297447
234 3.965E+02 5.5017E-5 109815449231566
235 3.97E+02 4.2619E-5 85175973851927.2
236 3.975E+02 6.2945E-5 125956828390275
237 3.98E+02 8.5249E-5 170803085175193
238 3.985E+02 1.0069E-4 201993787355369
239 3.99E+02 1.0693E-4 214780974315665
240 3.995E+02 1.1021E-4 221646629576421
241 4E+02 1.1141E-4 224340411006082
242 4.01E+02 1.1603E-4 234227568743904
243 4.02E+02 1.2061E-4 244080293118219
244 4.03E+02 1.1613E-4 235598660978479
245 4.04E+02 1.1801E-4 240006785942519
246 4.05E+02 1.1511E-4 234688291174908
247 4.06E+02 1.1227E-4 229463229627571
248 4.07E+02 1.1026E-4 225910149516089
249 4.08E+02 1.1514E-4 236488340559242
250 4.09E+02 1.2299E-4 253230758105241
251 4.1E+02 1.0485E-4 216409158929517
252 4.11E+02 1.1738E-4 242861835325384
253 4.12E+02 1.2478E-4 258800757381735
254 4.13E+02 1.1971E-4 248887925644809
255 4.14E+02 1.1842E-4 246802039070435
256 4.15E+02 1.2258E-4 256089079664463
257 4.16E+02 1.2624E-4 264370907681753
258 4.17E+02 1.2312E-4 258456826476073
259 4.18E+02 1.1777E-4 247818830117357
260 4.19E+02 1.2258E-4 258557408143156
261 4.2E+02 1.1232E-4 237481471254047
262 4.21E+02 1.2757E-4 270367196025746
263 4.22E+02 1.2583E-4 267312946614528
264 4.23E+02 1.2184E-4 259449957170878
265 4.24E+02 1.2117E-4 258633221952279
266 4.25E+02 1.2488E-4 267180750689723
267 4.26E+02 1.2135E-4 260239206108081
268 4.27E+02 1.1724E-4 252015371124064
269 4.28E+02 1.1839E-4 255083363675979
270 4.29E+02 1.0963E-4 236760938020331
271 4.3E+02 8.7462E-5 189326412390899
272 4.31E+02 7.9394E-5 172261529416136
273 4.32E+02 1.3207E-4 287217746415036
274 4.33E+02 1.2288E-4 267850489678150
275 4.34E+02 1.1352E-4 248019288675077
276 4.35E+02 1.2452E-4 272679013792246
277 4.36E+02 1.3659E-4 299798005976660
278 4.37E+02 1.3943E-4 306733358593811
279 4.38E+02 1.2238E-4 269840979726436
280 4.39E+02 1.1775E-4 260224858873287
281 4.4E+02 1.3499E-4 299004427698431
282 4.41E+02 1.3313E-4 295554698018641
283 4.42E+02 1.425E-4 317073888951129
284 4.43E+02 1.4453E-4 322318382191907
285 4.44E+02 1.4084E-4 314798266489249
286 4.45E+02 1.4619E-4 327492246764557
287 4.46E+02 1.3108E-4 294302964709318
288 4.47E+02 1.4903E-4 335354833478810
289 4.48E+02 1.5081E-4 340119474642192
290 4.49E+02 1.5045E-4 340064955149974
291 4.5E+02 1.5595E-4 353281778865886
292 4.51E+02 1.6173E-4 367189686228305
293 4.52E+02 1.5482E-4 352280694265476
294 4.53E+02 1.4297E-4 326036682038808
295 4.54E+02 1.5335E-4 350479789081172
296 4.55E+02 1.5224E-4 348709289966397
297 4.56E+02 1.5724E-4 360953471845614
298 4.57E+02 1.5854E-4 364735805666755
299 4.58E+02 1.5514E-4 357694786923874
300 4.59E+02 1.5391E-4 355633668207461
301 4.6E+02 1.5291E-4 354092775190567
302 4.61E+02 1.5827E-4 367301645000874
303 4.62E+02 1.5975E-4 371540522935518
304 4.63E+02 1.6031E-4 373649969179658
305 4.64E+02 1.5544E-4 363081493983225
306 4.65E+02 1.535E-4 359322719831852
307 4.66E+02 1.5673E-4 367672709799709
308 4.67E+02 1.4973E-4 352005177016253
309 4.68E+02 1.5619E-4 367978482094936
310 4.69E+02 1.5682E-4 370252191592176
311 4.7E+02 1.5077E-4 356727128863475
312 4.71E+02 1.5331E-4 363508638850694
313 4.72E+02 1.6126E-4 383170441800846
314 4.73E+02 1.5499E-4 369052511057510
315 4.74E+02 1.5671E-4 373936964216716
316 4.75E+02 1.6185E-4 387016658572701
317 4.76E+02 1.5631E-4 374556261348077
318 4.77E+02 1.5724E-4 377576329101662
319 4.78E+02 1.623E-4 390543812979204
320 4.79E+02 1.5916E-4 383789235520459
321 4.8E+02 1.6181E-4 390993863081169
322 4.81E+02 1.6177E-4 391711577209100
323 4.82E+02 1.6236E-4 393957548719072
324 4.83E+02 1.6038E-4 389960560128941
325 4.84E+02 1.5734E-4 383360932805972
326 4.85E+02 1.5683E-4 382907811892350
327 4.86E+02 1.2716E-4 311107251559044
328 4.87E+02 1.4241E-4 349134521869226
329 4.88E+02 1.5413E-4 378643360640951
330 4.89E+02 1.4519E-4 357411819180793
331 4.9E+02 1.6224E-4 400200257113301
332 4.91E+02 1.5595E-4 385469674273667
333 4.92E+02 1.4869E-4 368273280014075
334 4.93E+02 1.5903E-4 394683820846705
335 4.94E+02 1.5525E-4 386084088311080
336 4.95E+02 1.6485E-4 410787761273777
337 4.96E+02 1.5676E-4 391417534407582
338 4.97E+02 1.5944E-4 398911925769959
339 4.98E+02 1.5509E-4 388809156780828
340 4.99E+02 1.5507E-4 389539657567137
341 5E+02 1.5451E-4 388910745271405
342 5.01E+02 1.4978E-4 377759067565883
343 5.02E+02 1.4966E-4 378209822444293
344 5.03E+02 1.5653E-4 396359175141266
345 5.04E+02 1.4587E-4 370100664656280
346 5.05E+02 1.5635E-4 397477554678765
347 5.06E+02 1.6264E-4 414286925987137
348 5.07E+02 1.556E-4 397137500043556
349 5.08E+02 1.5165E-4 387819348603554
350 5.09E+02 1.5893E-4 407236795491633
351 5.1E+02 1.5481E-4 397459180149994
352 5.11E+02 1.5769E-4 405647121876439
353 5.12E+02 1.6186E-4 417188994027188
354 5.13E+02 1.5206E-4 392695294104233
355 5.14E+02 1.4885E-4 385154790225816
356 5.15E+02 1.5314E-4 397026246047433
357 5.16E+02 1.5455E-4 401459793304705
358 5.17E+02 1.2594E-4 327776322013482
359 5.18E+02 1.4403E-4 375583120629942
360 5.19E+02 1.3957E-4 364655511493082
361 5.2E+02 1.5236E-4 398839031748970
362 5.21E+02 1.5346E-4 402491082609944
363 5.22E+02 1.569E-4 412303282338613
364 5.23E+02 1.4789E-4 389371215996536
365 5.24E+02 1.5905E-4 419554425144761
366 5.25E+02 1.5781E-4 417077891054588
367 5.26E+02 1.5341E-4 406221363656428
368 5.27E+02 1.3417E-4 355950314196427
369 5.28E+02 1.5357E-4 408191213823080
370 5.29E+02 1.6071E-4 427978466980625
371 5.3E+02 1.5446E-4 412111985874691
372 5.31E+02 1.6292E-4 435504120212501
373 5.32E+02 1.5998E-4 428450516175941
374 5.33E+02 1.4286E-4 383319753725054
375 5.34E+02 1.5302E-4 411351230042377
376 5.35E+02 1.5535E-4 418396829832158
377 5.36E+02 1.6199E-4 437095505427636
378 5.37E+02 1.4989E-4 405200797021403
379 5.38E+02 1.5738E-4 426240941335289
380 5.39E+02 1.5352E-4 416559527978534
381 5.4E+02 1.4825E-4 403006274191992
382 5.41E+02 1.4251E-4 388119935757786
383 5.42E+02 1.5511E-4 423216342875980
384 5.43E+02 1.5256E-4 417026694079902
385 5.44E+02 1.5792E-4 432473380129876
386 5.45E+02 1.5435E-4 423473737302305
387 5.46E+02 1.5291E-4 420292728813151
388 5.47E+02 1.549E-4 426542283607142
389 5.48E+02 1.5049E-4 415156217392140
390 5.49E+02 1.552E-4 428930972347434
391 5.5E+02 1.5399E-4 426362062201657
392 5.51E+02 1.5382E-4 426665720167546
393 5.52E+02 1.5697E-4 436193391576718
394 5.53E+02 1.525E-4 424539711676924
395 5.54E+02 1.5549E-4 433646228818419
396 5.55E+02 1.5634E-4 436803828661329
397 5.56E+02 1.5366E-4 430089624824706
398 5.57E+02 1.4988E-4 420264034343563
399 5.58E+02 1.531E-4 430063648778553
400 5.59E+02 1.4483E-4 407561999480300
401 5.6E+02 1.474E-4 415536192578899
402 5.61E+02 1.5595E-4 440424617652805
403 5.62E+02 1.4847E-4 420047466609933
404 5.63E+02 1.5408E-4 436694789676893
405 5.64E+02 1.5106E-4 428895934889832
406 5.65E+02 1.5201E-4 432358451227999
407 5.66E+02 1.4374E-4 409559889681269
408 5.67E+02 1.532E-4 437285593703365
409 5.68E+02 1.518E-4 434053690286573
410 5.69E+02 1.4807E-4 424133609420487
411 5.7E+02 1.4816E-4 425137261420807
412 5.71E+02 1.4331E-4 411941883045324
413 5.72E+02 1.5134E-4 435785829426214
414 5.73E+02 1.5198E-4 438393804323571
415 5.74E+02 1.5119E-4 436876118588222
416 5.75E+02 1.4777E-4 427737634800782
417 5.76E+02 1.4654E-4 424914954793260
418 5.77E+02 1.5023E-4 436370944899943
419 5.78E+02 1.456E-4 423655217237157
420 5.79E+02 1.477E-4 430509168174793
421 5.8E+02 1.502E-4 438552177659229
422 5.81E+02 1.5089E-4 441326429456674
423 5.82E+02 1.532E-4 448853995653189
424 5.83E+02 1.5479E-4 454291698322529
425 5.84E+02 1.5448E-4 454159552738898
426 5.85E+02 1.5324E-4 451285474391990
427 5.86E+02 1.4953E-4 441112429122955
428 5.87E+02 1.5281E-4 451557669123682
429 5.88E+02 1.4934E-4 442055520690091
430 5.89E+02 1.2894E-4 382319373901090
431 5.9E+02 1.3709E-4 407175026870255
432 5.91E+02 1.4662E-4 436218461481727
433 5.92E+02 1.4354E-4 427777555352332
434 5.93E+02 1.4561E-4 434679582111822
435 5.94E+02 1.4491E-4 433319413912160
436 5.95E+02 1.4308E-4 428567509065982
437 5.96E+02 1.4745E-4 442399250231055
438 5.97E+02 1.4788E-4 444433839148392
439 5.98E+02 1.4607E-4 439729456371146
440 5.99E+02 1.4606E-4 440434635546573
441 6E+02 1.4753E-4 445610010354466
442 6.01E+02 1.4579E-4 441088315700265
443 6.02E+02 1.436E-4 435185359894197
444 6.03E+02 1.4664E-4 445136400582734
445 6.04E+02 1.4921E-4 453688963437649
446 6.05E+02 1.4895E-4 453648237427304
447 6.06E+02 1.4822E-4 452171076337601
448 6.07E+02 1.4911E-4 455636814510950
449 6.08E+02 1.4862E-4 454887687489996
450 6.09E+02 1.4749E-4 452171529408173
451 6.1E+02 1.4686E-4 450979400049715
452 6.11E+02 1.4611E-4 449411826210221
453 6.12E+02 1.4831E-4 456925296877816
454 6.13E+02 1.4621E-4 451191487418795
455 6.14E+02 1.4176E-4 438172806566566
456 6.15E+02 1.4697E-4 455016510556095
457 6.16E+02 1.431E-4 443755441477914
458 6.17E+02 1.4128E-4 438822811814504
459 6.18E+02 1.4664E-4 456209445373349
460 6.19E+02 1.4733E-4 459097770272702
461 6.2E+02 1.4739E-4 460026715969743
462 6.21E+02 1.4802E-4 462738192322317
463 6.22E+02 1.4269E-4 446793934101445
464 6.23E+02 1.4165E-4 444250546931250
465 6.24E+02 1.4118E-4 443487223699025
466 6.25E+02 1.4026E-4 441303322857479
467 6.26E+02 1.4012E-4 441568218118837
468 6.27E+02 1.4417E-4 455056984860567
469 6.28E+02 1.3631E-4 430933947007049
470 6.29E+02 1.4114E-4 446914148826668
471 6.3E+02 1.3924E-4 441598825553064
472 6.31E+02 1.4161E-4 449828147725126
473 6.32E+02 1.3638E-4 433901458574231
474 6.33E+02 1.4508E-4 462311399843071
475 6.34E+02 1.4284E-4 455892497337335
476 6.35E+02 1.4458E-4 462173767071397
477 6.36E+02 1.4128E-4 452335994025972
478 6.37E+02 1.461E-4 468503666380234
479 6.38E+02 1.4707E-4 472354564881339
480 6.39E+02 1.4646E-4 471132683888623
481 6.4E+02 1.434E-4 462011165077063
482 6.41E+02 1.4348E-4 462991207066441
483 6.42E+02 1.4376E-4 464618435197973
484 6.43E+02 1.4525E-4 470165176851749
485 6.44E+02 1.4462E-4 468853940273911
486 6.45E+02 1.4567E-4 472991330400326
487 6.46E+02 1.415E-4 460163643964971
488 6.47E+02 1.4086E-4 458791444224552
489 6.48E+02 1.3952E-4 455129325128634
490 6.49E+02 1.3519E-4 441684959303004
491 6.5E+02 1.3594E-4 444819653911418
492 6.51E+02 1.4447E-4 473458597184044
493 6.52E+02 1.3871E-4 455280147288085
494 6.53E+02 1.4311E-4 470442456042086
495 6.54E+02 1.4153E-4 465961034327659
496 6.55E+02 1.3499E-4 445108863960164
497 6.56E+02 1.1851E-4 391365179585877
498 6.57E+02 1.2393E-4 409887963116896
499 6.58E+02 1.3855E-4 458939850007616
500 6.59E+02 1.3905E-4 461296068690216
501 6.6E+02 1.3992E-4 464886652976862
502 6.61E+02 1.3933E-4 463627771220730
503 6.62E+02 1.3819E-4 460530027034557
504 6.63E+02 1.3844E-4 462060096698887
505 6.64E+02 1.3967E-4 466868484343097
506 6.65E+02 1.4214E-4 475840389183400
507 6.66E+02 1.4203E-4 476187139194846
508 6.67E+02 1.4102E-4 473510800982225
509 6.68E+02 1.415E-4 475834851654181
510 6.69E+02 1.4394E-4 484764671272421
511 6.7E+02 1.4196E-4 478811021903414
512 6.71E+02 1.4169E-4 478613634157351
513 6.72E+02 1.3972E-4 472662552188254
514 6.73E+02 1.4094E-4 477499231572654
515 6.74E+02 1.4074E-4 477530141053930
516 6.75E+02 1.3958E-4 474296928766596
517 6.76E+02 1.412E-4 480512553608827
518 6.77E+02 1.3991E-4 476826925184317
519 6.78E+02 1.4066E-4 480091097294102
520 6.79E+02 1.3947E-4 476731578999404
521 6.8E+02 1.3969E-4 478186791336930
522 6.81E+02 1.3915E-4 477038760847523
523 6.82E+02 1.3981E-4 480005215250035
524 6.83E+02 1.383E-4 475517198841721
525 6.84E+02 1.3739E-4 473079981209002
526 6.85E+02 1.3748E-4 474081971950557
527 6.86E+02 1.3438E-4 464068508205372
528 6.87E+02 9.6824E-5 334859868980764
529 6.88E+02 1.1206E-4 388116764263778
530 6.89E+02 1.1278E-4 391178212462980
531 6.9E+02 1.1821E-4 410607288162418
532 6.91E+02 1.2333E-4 429012676073999
533 6.92E+02 1.2689E-4 442035182855506
534 6.93E+02 1.2609E-4 439883047295206
535 6.94E+02 1.2464E-4 435451966755495
536 6.95E+02 1.2714E-4 444826198264131
537 6.96E+02 1.2684E-4 444415112231398
538 6.97E+02 1.3403E-4 470281767012392
539 6.98E+02 1.3192E-4 463542342247236
540 6.99E+02 1.2918E-4 454564799195365
541 7E+02 1.2823E-4 451867418371712
542 7.01E+02 1.2659E-4 446725520445006
543 7.02E+02 1.2674E-4 447892881945504
544 7.03E+02 1.2747E-4 451114364739129
545 7.04E+02 1.3078E-4 463486765590349
546 7.05E+02 1.3214E-4 468971839305097
547 7.06E+02 1.3144E-4 467149186733315
548 7.07E+02 1.309E-4 465888945765465
549 7.08E+02 1.3048E-4 465050966571137
550 7.09E+02 1.3095E-4 467385337183910
551 7.1E+02 1.3175E-4 470903933590711
552 7.11E+02 1.3155E-4 470851327063133
553 7.12E+02 1.3071E-4 468502760239089
554 7.13E+02 1.2918E-4 463669101325172
555 7.14E+02 1.3029E-4 468309148081130
556 7.15E+02 1.2587E-4 453055721800892
557 7.16E+02 1.2716E-4 458339078428551
558 7.17E+02 1.1071E-4 399603563169388
559 7.18E+02 1.0296E-4 372148543643742
560 7.19E+02 9.2318E-5 334147813200870
561 7.2E+02 9.855E-5 357200839317556
562 7.21E+02 1.0861E-4 394210714486720
563 7.22E+02 1.2407E-4 450948893297837
564 7.23E+02 1.1444E-4 416523483697437
565 7.24E+02 1.0555E-4 384698195771138
566 7.25E+02 1.038E-4 378842510328129
567 7.26E+02 1.0813E-4 395190202723177
568 7.27E+02 1.085E-4 397088669104081
569 7.28E+02 1.04E-4 381143102012667
570 7.29E+02 1.0466E-4 384088765510022
571 7.3E+02 1.1285E-4 414713114372286
572 7.31E+02 1.0703E-4 393863964475274
573 7.32E+02 1.1534E-4 425024899918841
574 7.33E+02 1.1962E-4 441398769724741
575 7.34E+02 1.2357E-4 456596367642219
576 7.35E+02 1.2178E-4 450595296886629
577 7.36E+02 1.2059E-4 446799270265965
578 7.37E+02 1.2039E-4 446664305576551
579 7.38E+02 1.2269E-4 455815273975320
580 7.39E+02 1.1905E-4 442891335213907
581 7.4E+02 1.2195E-4 454293862993041
582 7.41E+02 1.2148E-4 453154541526860
583 7.42E+02 1.2153E-4 453952851875513
584 7.43E+02 1.2405E-4 463990328361037
585 7.44E+02 1.2503E-4 468285286364315
586 7.45E+02 1.2497E-4 468689677020811
587 7.46E+02 1.247E-4 468304818740105
588 7.47E+02 1.2477E-4 469195807191410
589 7.48E+02 1.2401E-4 466962118928069
590 7.49E+02 1.2357E-4 465927356081774
591 7.5E+02 1.2341E-4 465945327881148
592 7.51E+02 1.2286E-4 464487246096663
593 7.52E+02 1.233E-4 466771426558244
594 7.53E+02 1.2266E-4 464966091350565
595 7.54E+02 1.242E-4 471428992043003
596 7.55E+02 1.2383E-4 470647948717279
597 7.56E+02 1.2232E-4 465524576342868
598 7.57E+02 1.2221E-4 465721158630136
599 7.58E+02 1.2295E-4 469160115298536
600 7.59E+02 1.1945E-4 456405926978267
601 7.6E+02 2.6604E-5 101785022523751
602 7.61E+02 1.5396E-5 58981512443532.5
603 7.62E+02 6.8766E-5 263786205005658
604 7.63E+02 3.7952E-5 145774832454395
605 7.64E+02 5.3878E-5 207218330388607
606 7.65E+02 6.8601E-5 264189301893964
607 7.66E+02 8.1461E-5 314124530411550
608 7.67E+02 9.7417E-5 376143412870418
609 7.68E+02 1.1138E-4 430617603065132
610 7.69E+02 1.1278E-4 436598033939088
611 7.7E+02 1.1608E-4 449957474202972
612 7.71E+02 1.1686E-4 453569252124174
613 7.72E+02 1.1778E-4 457732970684966
614 7.73E+02 1.1771E-4 458053492944385
615 7.74E+02 1.1771E-4 458646058911971
616 7.75E+02 1.1771E-4 459238624879558
617 7.76E+02 1.1798E-4 460885939139802
618 7.77E+02 1.1727E-4 458702692733527
619 7.78E+02 1.1713E-4 458744727614415
620 7.79E+02 1.1765E-4 461373594099280
621 7.8E+02 1.1636E-4 456900529019856
622 7.81E+02 1.1607E-4 456346121662704
623 7.82E+02 1.1662E-4 459095605602189
624 7.83E+02 1.1614E-4 457790661671191
625 7.84E+02 1.1536E-4 455296860558091
626 7.85E+02 1.1586E-4 457853487457237
627 7.86E+02 1.1592E-4 458674149287463
628 7.87E+02 1.145E-4 453631876545521
629 7.88E+02 1.1305E-4 448456300372930
630 7.89E+02 1.1257E-4 447118886384240
631 7.9E+02 1.091E-4 433885550763020
632 7.91E+02 1.1058E-4 440328113620873
633 7.92E+02 1.0953E-4 436698414241473
634 7.93E+02 1.0875E-4 434135998107234
635 7.94E+02 1.0972E-4 438560634976581
636 7.95E+02 1.0932E-4 437512128989588
637 7.96E+02 1.0742E-4 430448859447482
638 7.97E+02 1.0913E-4 437850472024857
639 7.98E+02 1.1121E-4 446755674808661
640 7.99E+02 1.0905E-4 438627437715430
641 8E+02 1.0725E-4 431927279066553
642 8.01E+02 1.0843E-4 437225335317229
643 8.02E+02 1.0856E-4 438296041762272
644 8.03E+02 1.0657E-4 430798176858839
645 8.04E+02 1.0782E-4 436393950816788
646 8.05E+02 1.0545E-4 427332388344315
647 8.06E+02 1.0974E-4 445269905378082
648 8.07E+02 1.0859E-4 441150436709865
649 8.08E+02 1.0821E-4 440151416097619
650 8.09E+02 1.0548E-4 429577957124889
651 8.1E+02 1.0559E-4 430557495702520
652 8.11E+02 1.0533E-4 430027554156281
653 8.12E+02 1.0268E-4 419725383774098
654 8.13E+02 1.0086E-4 412793504698001
655 8.14E+02 9.0356E-5 370258252669612
656 8.15E+02 8.9523E-5 367295478206971
657 8.16E+02 8.3216E-5 341838001528190
658 8.17E+02 8.5183E-5 350346943755213
659 8.18E+02 8.2259E-5 338735001723377
660 8.19E+02 9.0519E-5 373204605841060
661 8.2E+02 8.6188E-5 355782023649350
662 8.21E+02 9.9764E-5 412325653956657
663 8.22E+02 9.5157E-5 393763906356408
664 8.23E+02 6.7271E-5 278709045825651
665 8.24E+02 9.3506E-5 387873435161669
666 8.25E+02 9.6935E-5 402585296118426
667 8.26E+02 9.3381E-5 388295102909329
668 8.27E+02 9.8465E-5 409930979650691
669 8.28E+02 8.4979E-5 354213654419296
670 8.29E+02 9.293E-5 387823224874007
671 8.3E+02 9.1601E-5 382738061451207
672 8.31E+02 9.2392E-5 386508222776301
673 8.32E+02 8.9426E-5 374550582863569
674 8.33E+02 9.565E-5 401100609023103
675 8.34E+02 9.3412E-5 392185982371393
676 8.35E+02 1.0032E-4 421693925070207
677 8.36E+02 9.7234E-5 409211448206352
678 8.37E+02 1.0092E-4 425232104193973
679 8.38E+02 9.9901E-5 421441403669595
680 8.39E+02 1.0013E-4 422911527063072
681 8.4E+02 1.0157E-4 429504861739201
682 8.41E+02 1.0101E-4 427645309086352
683 8.42E+02 9.9703E-5 422613789219330
684 8.43E+02 1.0053E-4 426625296204249
685 8.44E+02 9.8631E-5 419062914051300
686 8.45E+02 1.0165E-4 432401744638255
687 8.46E+02 1.0187E-4 433850412623068
688 8.47E+02 9.917E-5 422850714924015
689 8.48E+02 9.9217E-5 423550588139627
690 8.49E+02 9.8596E-5 421395925452356
691 8.5E+02 8.9372E-5 382422774673958
692 8.51E+02 9.7493E-5 417663323677718
693 8.52E+02 9.6927E-5 415726502355797
694 8.53E+02 9.6486E-5 414320745188312
695 8.54E+02 8.5112E-5 365908090534140
696 8.55E+02 9.13E-5 392970761012281
697 8.56E+02 9.7317E-5 419358859749223
698 8.57E+02 9.9166E-5 427825792265946
699 8.58E+02 9.9196E-5 428454583742858
700 8.59E+02 9.9171E-5 428845840386871
701 8.6E+02 9.8816E-5 427808162786560
702 8.61E+02 9.8679E-5 427711804744035
703 8.62E+02 9.9449E-5 431549911552644
704 8.63E+02 1.0005E-4 434661559971273
705 8.64E+02 9.7916E-5 425883438448924
706 8.65E+02 9.6324E-5 419443976607433
707 8.66E+02 8.49E-5 370125432514240
708 8.67E+02 9.1546E-5 399559826756794
709 8.68E+02 9.592E-5 419133371559433
710 8.69E+02 9.4956E-5 415399083355442
711 8.7E+02 9.6755E-5 423756151292464
712 8.71E+02 9.5387E-5 418244935405686
713 8.72E+02 9.6686E-5 424427410584367
714 8.73E+02 9.5721E-5 420673172172835
715 8.74E+02 9.4042E-5 413767747384053
716 8.75E+02 9.2687E-5 408272590332009
717 8.76E+02 9.5277E-5 420160794662455
718 8.77E+02 9.5615E-5 422132673578448
719 8.78E+02 9.5237E-5 420943267677541
720 8.79E+02 9.3656E-5 414426793906970
721 8.8E+02 9.3957E-5 416231706248781
722 8.81E+02 9.0861E-5 402973758827243
723 8.82E+02 9.3245E-5 414016342173037
724 8.83E+02 9.2927E-5 413072198475349
725 8.84E+02 9.3305E-5 415222164331019
726 8.85E+02 9.4423E-5 420672779511673
727 8.86E+02 9.0752E-5 404774618704489
728 8.87E+02 9.1062E-5 406615706214452
729 8.88E+02 9.2228E-5 412286488522728
730 8.89E+02 9.3455E-5 418242005549317
731 8.9E+02 9.2393E-5 413954321845786
732 8.91E+02 9.2584E-5 415276150206784
733 8.92E+02 9.0881E-5 408095021906432
734 8.93E+02 8.7327E-5 392575638166050
735 8.94E+02 8.513E-5 383127651802337
736 8.95E+02 8.1357E-5 366556822150358
737 8.96E+02 7.6253E-5 343944437370082
738 8.97E+02 6.6566E-5 300585654064507
739 8.98E+02 7.178E-5 324491358998539
740 8.99E+02 5.4871E-5 248328126747845
741 9E+02 7.426E-5 336450207099464
742 9.01E+02 5.9933E-5 271840495947348
743 9.02E+02 6.6791E-5 303282833523462
744 9.03E+02 6.8889E-5 313156172608823
745 9.04E+02 8.4457E-5 384350479209137
746 9.05E+02 8.1709E-5 372256097563524
747 9.06E+02 7.7558E-5 353735091075972
748 9.07E+02 6.3854E-5 291553823089822
749 9.08E+02 6.5217E-5 298105515546225
750 9.09E+02 7.0431E-5 322293156229256
751 9.1E+02 6.2467E-5 286164256651746
752 9.11E+02 6.6808E-5 306386900561178
753 9.12E+02 6.8893E-5 316295694935893
754 9.13E+02 6.2834E-5 288794442075388
755 9.14E+02 6.2649E-5 288259536889322
756 9.15E+02 6.7836E-5 312467369417531
757 9.16E+02 5.7646E-5 265820209965368
758 9.17E+02 7.3017E-5 337067334526195
759 9.18E+02 5.9271E-5 273910248175225
760 9.19E+02 7.3877E-5 341781151239582
761 9.2E+02 7.4414E-5 344640112131723
762 9.21E+02 7.8049E-5 361868115614919
763 9.22E+02 7.0026E-5 325022619483556
764 9.23E+02 7.4504E-5 346182122722695
765 9.24E+02 7.215E-5 335607495834712
766 9.25E+02 7.111E-5 331127886402575
767 9.26E+02 7.0331E-5 327854481721347
768 9.27E+02 7.8742E-5 367459535061255
769 9.28E+02 5.8968E-5 275478506654694
770 9.29E+02 5.5127E-5 257812172495007
771 9.3E+02 4.321E-5 202297520833020
772 9.31E+02 4.0921E-5 191787043703978
773 9.32E+02 3.0086E-5 141157419090589
774 9.33E+02 2.4841E-5 116673993801395
775 9.34E+02 1.438E-5 67612829032174.2
776 9.35E+02 2.5084E-5 118067875485764
777 9.36E+02 1.6142E-5 76060037876643.3
778 9.37E+02 1.6338E-5 77065824342771.7
779 9.38E+02 2.0058E-5 94713919894858.6
780 9.39E+02 3.9887E-5 188547297132166
781 9.4E+02 4.7181E-5 223263814643598
782 9.41E+02 3.7195E-5 176196603395484
783 9.42E+02 4.0532E-5 192208364097532
784 9.43E+02 2.7834E-5 132132807040358
785 9.44E+02 2.8579E-5 135813320801518
786 9.45E+02 3.6821E-5 175166371254913
787 9.46E+02 1.9461E-5 92678636269310.3
788 9.47E+02 3.7112E-5 176924380724241
789 9.48E+02 2.7423E-5 130871972046647
790 9.49E+02 4.9396E-5 235983338030957
791 9.5E+02 1.4726E-5 70425793192976.2
792 9.51E+02 4.8378E-5 231607048825808
793 9.52E+02 2.6891E-5 128874575189190
794 9.53E+02 3.4362E-5 164852174366090
795 9.54E+02 4.2411E-5 203680866109522
796 9.55E+02 3.4117E-5 164020281419784
797 9.56E+02 3.2821E-5 157954879677024
798 9.57E+02 2.7067E-5 130399343927822
799 9.58E+02 4.6101E-5 222330579878471
800 9.59E+02 3.7385E-5 180484261928427
801 9.6E+02 4.2066E-5 203294578139453
802 9.61E+02 4.612E-5 223118731378065
803 9.62E+02 4.4174E-5 213926775194842
804 9.63E+02 5.0503E-5 244831227387346
805 9.64E+02 4.586E-5 222553500668350
806 9.65E+02 5.0374E-5 244713031343230
807 9.66E+02 5.0275E-5 244485187186463
808 9.67E+02 5.024E-5 244567897736522
809 9.68E+02 6.521E-5 317770006715107
810 9.69E+02 6.8622E-5 334742221655452
811 9.7E+02 6.3461E-5 309886025001600
812 9.71E+02 7.1397E-5 348997679453995
813 9.72E+02 6.8765E-5 336478297474956
814 9.73E+02 6.0648E-5 297065809196573
815 9.74E+02 5.7529E-5 282077942681198
816 9.75E+02 5.8987E-5 289523800117031
817 9.76E+02 5.7191E-5 280996463224766
818 9.77E+02 6.3864E-5 314104404009899
819 9.78E+02 6.1509E-5 302831373868605
820 9.79E+02 6.3815E-5 314505910117084
821 9.8E+02 6.0468E-5 298314954969515
822 9.81E+02 7.1338E-5 352300518620079
823 9.82E+02 6.9218E-5 342179415375116
824 9.83E+02 6.6865E-5 330883958240486
825 9.84E+02 7.3732E-5 365236740628123
826 9.85E+02 6.8817E-5 341236369115037
827 9.86E+02 7.5083E-5 372684969133285
828 9.87E+02 7.3928E-5 367324127369503
829 9.88E+02 7.3462E-5 365378541649064
830 9.89E+02 7.4906E-5 372937661693891
831 9.9E+02 7.3227E-5 364946986894690
832 9.91E+02 7.5358E-5 375946775207858
833 9.92E+02 7.5102E-5 375047712032128
834 9.93E+02 7.3728E-5 368557325058295
835 9.94E+02 7.541E-5 377345061745015
836 9.95E+02 7.5176E-5 376552590972630
837 9.96E+02 7.4884E-5 375466953335167
838 9.97E+02 7.3971E-5 371261567384062
839 9.98E+02 7.3887E-5 371211925951674
840 9.99E+02 7.3857E-5 371433009288676
841 1E+03 7.3532E-5 370168725924496
842 1.001E+03 7.4442E-5 375124522596511
843 1.002E+03 7.2805E-5 367241940367661
844 1.003E+03 7.3442E-5 370824802318105
845 1.004E+03 7.2336E-5 365604513114131
846 1.005E+03 6.8174E-5 344911904134016
847 1.006E+03 7.1252E-5 360843083717696
848 1.007E+03 7.2753E-5 368810878452989
849 1.008E+03 7.2685E-5 368832067053427
850 1.009E+03 7.1972E-5 365576342192759
851 1.01E+03 7.1914E-5 365643759093940
852 1.011E+03 7.2278E-5 367858357983828
853 1.012E+03 7.1877E-5 366179308647042
854 1.013E+03 7.1761E-5 365949596832694
855 1.014E+03 7.2068E-5 367877960837262
856 1.015E+03 7.0817E-5 361848613443834
857 1.016E+03 7.1129E-5 363800889506392
858 1.017E+03 7.0337E-5 360104160852857
859 1.018E+03 7.1422E-5 366018579344408
860 1.019E+03 6.8878E-5 353328002132511
861 1.02E+03 6.9896E-5 358901968293572
862 1.021E+03 7.0175E-5 360687846637223
863 1.022E+03 6.897E-5 354841549823298
864 1.023E+03 6.9508E-5 357959400274653
865 1.024E+03 6.9058E-5 355989590380941
866 1.025E+03 6.9753E-5 359923415899155
867 1.026E+03 6.9636E-5 359670255165624
868 1.027E+03 6.9305E-5 358309528178923
869 1.028E+03 6.9385E-5 359072423511162
870 1.029E+03 6.8628E-5 355500374845047
871 1.03E+03 6.9055E-5 358059911464091
872 1.031E+03 6.8736E-5 356751876584966
873 1.032E+03 6.8787E-5 357362857354264
874 1.033E+03 6.7613E-5 351604053501996
875 1.034E+03 6.8015E-5 354036946827807
876 1.035E+03 6.8234E-5 355520400564349
877 1.036E+03 6.8202E-5 355697007473489
878 1.037E+03 6.7497E-5 352359976581537
879 1.038E+03 6.7172E-5 351001504879463
880 1.039E+03 6.7636E-5 353766584514875
881 1.04E+03 6.717E-5 351667337392732
882 1.041E+03 6.7176E-5 352036922161030
883 1.042E+03 6.72E-5 352500987246035
884 1.043E+03 6.6525E-5 349295135387159
885 1.044E+03 6.6833E-5 351248760593200
886 1.045E+03 6.6452E-5 349580897065437
887 1.046E+03 6.4714E-5 340763660450332
888 1.047E+03 6.5694E-5 346254744901341
889 1.048E+03 6.6274E-5 349645394178483
890 1.049E+03 6.5896E-5 347982886951710
891 1.05E+03 6.5463E-5 346025853648141
892 1.051E+03 6.5521E-5 346662271813023
893 1.052E+03 6.5118E-5 344857867917076
894 1.053E+03 6.4919E-5 344130795364765
895 1.054E+03 6.4646E-5 343009078207382
896 1.055E+03 6.4847E-5 344402023545902
897 1.056E+03 6.4641E-5 343633369183275
898 1.057E+03 6.4482E-5 343112730686123
899 1.058E+03 6.3818E-5 339900812715693
900 1.059E+03 6.1875E-5 329863693652509
901 1.06E+03 6.3585E-5 339300021000158
902 1.061E+03 6.2121E-5 331800600554427
903 1.062E+03 6.3266E-5 338234761470220
904 1.063E+03 6.2239E-5 333057498868276
905 1.064E+03 6.3196E-5 338496797352854
906 1.065E+03 6.2913E-5 337297675605227
907 1.066E+03 6.1713E-5 331174743968001
908 1.067E+03 6.2032E-5 333198892125702
909 1.068E+03 6.1944E-5 333038042004248
910 1.069E+03 5.8626E-5 315494152683824
911 1.07E+03 6.0469E-5 325716612849961
912 1.071E+03 6.1661E-5 332447736355406
913 1.072E+03 6.1536E-5 332083573331625
914 1.073E+03 6.0363E-5 326057266545150
915 1.074E+03 6.2158E-5 336066063663438
916 1.075E+03 5.9252E-5 320652643061716
917 1.076E+03 6.1471E-5 332970604966598
918 1.077E+03 6.0434E-5 327657708137615
919 1.078E+03 6.0321E-5 327348714007206
920 1.079E+03 6.0474E-5 328483444358253
921 1.08E+03 5.9722E-5 324699368732467
922 1.081E+03 5.8083E-5 316080773358676
923 1.082E+03 5.894E-5 321041176248177
924 1.083E+03 5.9814E-5 326102890751795
925 1.084E+03 5.7852E-5 315697400142624
926 1.085E+03 5.933E-5 324061495707636
927 1.086E+03 5.541E-5 302929327726368
928 1.087E+03 5.6697E-5 310250842460652
929 1.088E+03 5.9317E-5 324886315718894
930 1.089E+03 5.7919E-5 317520873275553
931 1.09E+03 5.5573E-5 304939501173968
932 1.091E+03 5.8835E-5 323134890875219
933 1.092E+03 5.8124E-5 319522523962273
934 1.093E+03 5.1058E-5 280935943064522
935 1.094E+03 5.3965E-5 297202767396506
936 1.095E+03 5.2067E-5 287011976863383
937 1.096E+03 5.0323E-5 277651755303670
938 1.097E+03 5.7852E-5 319483439074224
939 1.098E+03 5.0291E-5 277981540339237
940 1.099E+03 5.0772E-5 280895841284743
941 1.1E+03 4.8577E-5 268996556861743
942 1.101E+03 4.9696E-5 275443227559453
943 1.102E+03 4.6883E-5 260088011423938
944 1.103E+03 4.6637E-5 258958078586842
945 1.104E+03 4.6765E-5 259904235931518
946 1.105E+03 5.0644E-5 281717368983175
947 1.106E+03 3.9792E-5 221551268289156
948 1.107E+03 4.8304E-5 269186987457460
949 1.108E+03 4.1565E-5 231841346721173
950 1.109E+03 4.1278E-5 230448315802656
951 1.11E+03 4.7899E-5 267653403979135
952 1.111E+03 3.3154E-5 185427156157362
953 1.112E+03 4.1357E-5 231513947857287
954 1.113E+03 2.685E-5 150439818228308
955 1.114E+03 2.9985E-5 168156085799196
956 1.115E+03 2.4987E-5 140253054989162
957 1.116E+03 2.0136E-5 113125560180339
958 1.117E+03 7.9618E-6 44770070954514.2
959 1.118E+03 2.1753E-5 122429001929089
960 1.119E+03 1.1317E-5 63750669210285.8
961 1.12E+03 1.4189E-5 80000583941682.5
962 1.121E+03 1.8586E-5 104885364314538
963 1.122E+03 8.1686E-6 46138538400239.8
964 1.123E+03 1.2817E-5 72458524520966.4
965 1.124E+03 1.087E-5 61506243174378.3
966 1.125E+03 1.4428E-5 81711277740894.6
967 1.126E+03 5.1589E-6 29242792711112.7
968 1.127E+03 1.5725E-5 89215007391181.6
969 1.128E+03 9.9224E-6 56344194682256.9
970 1.129E+03 1.0591E-5 60194145762453
971 1.13E+03 7.0574E-6 40146392128103.1
972 1.131E+03 2.956E-5 168302427594096
973 1.132E+03 2.3411E-5 133410415713485
974 1.133E+03 1.5331E-5 87442736267056.5
975 1.134E+03 4.174E-6 23828068774384.4
976 1.135E+03 1.5462E-6 8834559013324.23
977 1.136E+03 1.2876E-5 73634720897627.3
978 1.137E+03 2.8785E-5 164759340205795
979 1.138E+03 2.0329E-5 116461297304101
980 1.139E+03 2.985E-5 171155715035846
981 1.14E+03 2.5599E-5 146909945398370
982 1.141E+03 1.9337E-5 111070336415485
983 1.142E+03 2.2479E-5 129230920228537
984 1.143E+03 3.1183E-5 179426865689980
985 1.144E+03 1.1326E-5 65226778169437.1
986 1.145E+03 1.4604E-5 84178398031395
987 1.146E+03 1.5764E-5 90944070685047.7
988 1.147E+03 5.9176E-6 34169007902040.3
989 1.148E+03 2.7113E-5 156690551005787
990 1.149E+03 2.1854E-5 126407928105732
991 1.15E+03 1.2164E-5 70420255663757.4
992 1.151E+03 2.034E-5 117855435728461
993 1.152E+03 2.4762E-5 143602348991275
994 1.153E+03 2.3812E-5 138212883235549
995 1.154E+03 1.4248E-5 82771926019229
996 1.155E+03 3.1316E-5 182083928266802
997 1.156E+03 2.809E-5 163468063903733
998 1.157E+03 3.1458E-5 183226300408171
999 1.158E+03 3.1171E-5 181711594870365
1000 1.159E+03 3.3693E-5 196583228647437
1001 1.16E+03 2.8648E-5 167292180899888
1002 1.161E+03 3.4753E-5 203117744695027
1003 1.162E+03 3.5002E-5 204749256860528
1004 1.163E+03 4.6857E-5 274332676074622
1005 1.164E+03 4.0188E-5 235490135474026
1006 1.165E+03 3.886E-5 227904062764255
1007 1.166E+03 3.7494E-5 220081567761546
1008 1.167E+03 4.0996E-5 240843919405113
1009 1.168E+03 4.1954E-5 246683193625165
1010 1.169E+03 4.231E-5 248989413453037
1011 1.17E+03 4.5873E-5 270188182808454
1012 1.171E+03 4.4831E-5 264276573354452
1013 1.172E+03 4.5483E-5 268349048536071
1014 1.173E+03 4.5642E-5 269516913448316
1015 1.174E+03 3.3692E-5 199121536393104
1016 1.175E+03 4.524E-5 267598582439869
1017 1.176E+03 4.7679E-5 282265503829957
1018 1.177E+03 4.7235E-5 279874756135618
1019 1.178E+03 3.6E-5 213486853737231
1020 1.179E+03 4.8371E-5 287092744244098
1021 1.18E+03 4.4069E-5 261781256971993
1022 1.181E+03 4.5514E-5 270594053495488
1023 1.182E+03 3.2318E-5 192302663186011
1024 1.183E+03 4.387E-5 261261685707746
1025 1.184E+03 4.1985E-5 250247187703325
1026 1.185E+03 4.0741E-5 243037551195732
1027 1.186E+03 4.7715E-5 284880657378828
1028 1.187E+03 4.5575E-5 272333295774881
1029 1.188E+03 3.3504E-5 200371729262480
1030 1.189E+03 4.1569E-5 248813979493268
1031 1.19E+03 4.6239E-5 276999343747581
1032 1.191E+03 4.466E-5 267765010363481
1033 1.192E+03 4.7336E-5 284047621687856
1034 1.193E+03 4.5434E-5 272863071195244
1035 1.194E+03 4.689E-5 281843423284665
1036 1.195E+03 4.4696E-5 268880872842245
1037 1.196E+03 4.3131E-5 259683318720393
1038 1.197E+03 4.7715E-5 287522889445579
1039 1.198E+03 4.3392E-5 261691629544528
1040 1.199E+03 3.6489E-5 220244204994703
1041 1.2E+03 4.4825E-5 270785178799416
