i	lambda [nm]	el [W/(cm2nm)]	Photonen [cm-2 nm^-1 s-1]
1	437	1.65137E-06	3.63E+12
2	442	1.65014E-06	3.67E+12
3	447	1.6489E-06	3.71E+12
4	454	1.64705E-06	3.76E+12
5	461	1.64521E-06	3.81E+12
6	465	1.64397E-06	3.84E+12
7	477	1.64089E-06	3.94E+12
8	481	2.03608E-06	4.92E+12
9	482	5.20747E-06	1.26E+13
10	484	6.79255E-06	1.65E+13
11	486	1.82882E-05	4.47E+13
12	487	1.90811E-05	4.67E+13
13	489	2.02697E-05	4.98E+13
14	491	1.94763E-05	4.81E+13
15	493	1.67007E-05	4.14E+13
16	494	1.59078E-05	3.95E+13
17	496	1.47179E-05	3.67E+13
18	498	1.11495E-05	2.79E+13
19	500	9.95962E-06	2.50E+13
20	501	6.39181E-06	1.61E+13
21	503	4.8055E-06	1.22E+13
22	505	2.42634E-06	6.16E+12
23	510	1.63226E-06	4.19E+12
24	515	1.63103E-06	4.22E+12
25	520	1.62918E-06	4.26E+12
26	530	1.62671E-06	4.33E+12
27	535	2.41832E-06	6.50E+12
28	536	3.21117E-06	8.65E+12
29	538	7.17479E-06	1.94E+13
30	540	1.15348E-05	3.13E+13
31	541	5.03844E-05	1.37E+14
32	542	5.95021E-05	1.62E+14
33	543	7.13942E-05	1.95E+14
34	544	9.67653E-05	2.65E+14
35	545	0.00011619	3.18E+14
36	546	0.000118172	3.24E+14
37	550	0.000116981	3.23E+14
38	555	0.000107069	2.99E+14
39	556	7.13911E-05	2.00E+14
40	557	3.17481E-05	8.89E+13
41	580	8.74939E-06	2.55E+13
42	582	1.35059E-05	3.95E+13
43	585	2.5398E-05	7.47E+13
44	587	2.93616E-05	8.67E+13
45	590	3.6893E-05	1.09E+14
46	592	2.81711E-05	8.38E+13
47	594	1.7467E-05	5.22E+13
48	600	1.15194E-05	3.47E+13
49	608	1.11205E-05	3.40E+13
50	610	1.42907E-05	4.38E+13
51	611	5.43301E-05	1.67E+14
52	613	0.000104675	3.23E+14
53	614	0.000109432	3.38E+14
54	618	0.000104674	3.25E+14
55	621	9.79336E-05	3.06E+14
56	623	7.45446E-05	2.33E+14
57	624	2.85589E-05	8.96E+13
58	626	1.82512E-05	5.74E+13
59	634	2.14208E-05	6.83E+13
60	636	1.07167E-05	3.43E+13
61	637	2.78824E-06	8.93E+12
62	645	1.99292E-06	6.46E+12
63	650	3.57739E-06	1.17E+13
64	652	4.76604E-06	1.56E+13
65	654	3.17973E-06	1.05E+13
66	659	1.5928E-06	5.28E+12
67	666	7.98E-07	2.67E+12
68	673	1.19268E-06	4.04E+12
69	683	1.19021E-06	4.09E+12
70	692	1.58417E-06	5.51E+12
71	708	1.57985E-06	5.62E+12
72	710	3.56136E-06	1.27E+13
73	720	7.84E-07	2.84E+12
