i	lambda [nm]	el [W/(cm2nm)]	Photonen [cm-2 nm^-1 s-1]
1	300	5.43E-08	8.19E+10
2	300.5	1.79E-07	2.71E+11
3	302.5	9.22E-08	1.40E+11
4	303	2.77E-07	4.21E+11
5	307.5	2.41E-09	3.72E+09
6	308	1.14E-08	1.76E+10
7	310	0.00E+00	0.00E+00
8	313	0.00E+00	0.00E+00
9	315	5.67E-08	8.98E+10
10	315.5	0.00E+00	0.00E+00
11	320	0.00E+00	0.00E+00
12	320.5	0.00E+00	0.00E+00
13	322.5	0.00E+00	0.00E+00
14	325.5	6.16E-08	1.01E+11
15	327.5	3.00E-07	4.94E+11
16	328	1.32E-07	2.18E+11
17	332.5	7.00E-08	1.17E+11
18	333	2.23E-07	3.73E+11
19	335	0.00E+00	0.00E+00
20	338	0.00E+00	0.00E+00
21	340	0.00E+00	0.00E+00
22	340.5	0.00E+00	0.00E+00
23	345	6.93E-08	1.20E+11
24	345.5	1.57E-07	2.73E+11
25	347.5	2.60E-07	4.55E+11
26	350.5	0.00E+00	0.00E+00
27	352.5	1.81E-09	3.21E+09
28	353	1.44E-07	2.55E+11
29	357.5	2.13E-07	3.82E+11
30	358	3.43E-07	6.18E+11
31	360	1.99E-08	3.61E+10
32	363	3.13E-08	5.71E+10
33	365	3.45E-07	6.32E+11
34	365.5	2.98E-07	5.47E+11
35	370	0.00E+00	0.00E+00
36	370.5	0.00E+00	0.00E+00
37	372.5	1.09E-07	2.03E+11
38	375.5	1.49E-08	2.82E+10
39	377.5	0.00E+00	0.00E+00
40	378	0.00E+00	0.00E+00
41	382.5	1.93E-07	3.71E+11
42	383	1.75E-07	3.36E+11
43	385	4.17E-07	8.06E+11
44	388	0.00E+00	0.00E+00
45	390	1.28E-07	2.50E+11
46	390.5	0.00E+00	0.00E+00
47	395	0.00E+00	0.00E+00
48	395.5	6.27E-08	1.25E+11
49	397.5	1.45E-07	2.89E+11
50	400.5	3.14E-07	6.32E+11
51	402.5	5.73E-07	1.16E+12
52	403	6.29E-07	1.27E+12
53	407.5	7.19E-07	1.47E+12
54	408	6.44E-07	1.32E+12
55	410	1.10E-06	2.26E+12
56	413	9.03E-07	1.87E+12
57	415	1.32E-06	2.76E+12
58	415.5	1.72E-06	3.59E+12
59	420	3.79E-06	8.00E+12
60	420.5	4.09E-06	8.66E+12
61	422.5	5.04E-06	1.07E+13
62	425.5	6.80E-06	1.46E+13
63	427.5	8.31E-06	1.79E+13
64	428	8.70E-06	1.87E+13
65	432.5	1.26E-05	2.74E+13
66	433	1.32E-05	2.88E+13
67	435	1.56E-05	3.42E+13
68	438	2.00E-05	4.41E+13
69	440	2.34E-05	5.18E+13
70	440.5	2.45E-05	5.42E+13
71	445	3.51E-05	7.86E+13
72	445.5	3.66E-05	8.20E+13
73	447.5	4.01E-05	9.02E+13
74	450.5	4.33E-05	9.81E+13
75	452.5	4.15E-05	9.43E+13
76	453	4.07E-05	9.26E+13
77	457.5	3.30E-05	7.60E+13
78	458	3.20E-05	7.36E+13
79	460	2.87E-05	6.64E+13
80	463	2.52E-05	5.86E+13
81	465	2.39E-05	5.58E+13
82	465.5	2.35E-05	5.51E+13
83	470	2.00E-05	4.73E+13
84	470.5	1.98E-05	4.69E+13
85	472.5	1.84E-05	4.38E+13
86	475.5	1.73E-05	4.14E+13
87	477.5	1.72E-05	4.13E+13
88	478	1.72E-05	4.13E+13
89	482.5	1.72E-05	4.17E+13
90	483	1.73E-05	4.19E+13
91	485	1.81E-05	4.42E+13
92	488	1.98E-05	4.85E+13
93	490	2.10E-05	5.17E+13
94	490.5	2.14E-05	5.27E+13
95	495	2.52E-05	6.28E+13
96	495.5	2.58E-05	6.44E+13
97	497.5	2.82E-05	7.05E+13
98	500.5	3.17E-05	7.97E+13
99	502.5	3.41E-05	8.62E+13
100	503	3.48E-05	8.80E+13
101	507.5	4.05E-05	1.03E+14
102	508	4.09E-05	1.04E+14
103	510	4.34E-05	1.11E+14
104	513	4.74E-05	1.22E+14
105	515	4.93E-05	1.28E+14
106	515.5	4.99E-05	1.29E+14
107	520	5.48E-05	1.43E+14
108	520.5	5.54E-05	1.45E+14
109	522.5	5.76E-05	1.51E+14
110	525.5	6.10E-05	1.61E+14
111	527.5	6.30E-05	1.67E+14
112	528	6.34E-05	1.68E+14
113	532.5	6.74E-05	1.80E+14
114	533	6.80E-05	1.82E+14
115	535	7.00E-05	1.88E+14
116	538	7.32E-05	1.98E+14
117	540	7.52E-05	2.04E+14
118	540.5	7.59E-05	2.06E+14
119	545	7.98E-05	2.19E+14
120	545.5	8.04E-05	2.21E+14
121	547.5	8.31E-05	2.29E+14
122	550.5	8.57E-05	2.37E+14
123	552.5	8.89E-05	2.47E+14
124	553	8.89E-05	2.47E+14
125	557.5	9.48E-05	2.66E+14
126	558	9.55E-05	2.68E+14
127	560	9.81E-05	2.76E+14
128	563	1.01E-04	2.87E+14
129	565	1.05E-04	2.97E+14
130	565.5	1.05E-04	2.99E+14
131	570	1.11E-04	3.19E+14
132	570.5	1.12E-04	3.21E+14
133	572.5	1.14E-04	3.28E+14
134	575.5	1.18E-04	3.43E+14
135	577.5	1.22E-04	3.53E+14
136	578	1.22E-04	3.55E+14
137	582.5	1.29E-04	3.77E+14
138	583	1.29E-04	3.80E+14
139	585	1.31E-04	3.87E+14
140	588	1.36E-04	4.02E+14
141	590	1.37E-04	4.07E+14
142	590.5	1.38E-04	4.10E+14
143	595	1.43E-04	4.28E+14
144	595.5	1.43E-04	4.29E+14
145	597.5	1.45E-04	4.34E+14
146	600.5	1.46E-04	4.40E+14
147	602.5	1.47E-04	4.46E+14
148	603	1.47E-04	4.46E+14
149	607.5	1.46E-04	4.47E+14
150	608	1.46E-04	4.46E+14
151	610	1.45E-04	4.45E+14
152	613	1.45E-04	4.45E+14
153	615	1.43E-04	4.43E+14
154	615.5	1.43E-04	4.41E+14
155	620	1.37E-04	4.28E+14
156	620.5	1.36E-04	4.24E+14
157	622.5	1.35E-04	4.24E+14
158	625.5	1.31E-04	4.11E+14
159	627.5	1.28E-04	4.04E+14
160	628	1.28E-04	4.03E+14
161	632.5	1.19E-04	3.79E+14
162	633	1.18E-04	3.77E+14
163	635	1.15E-04	3.67E+14
164	638	1.09E-04	3.50E+14
165	640	1.06E-04	3.41E+14
166	640.5	1.05E-04	3.37E+14
167	645	9.61E-05	3.12E+14
168	645.5	9.48E-05	3.08E+14
169	647.5	9.16E-05	2.98E+14
170	650.5	8.50E-05	2.78E+14
171	652.5	8.18E-05	2.68E+14
172	653	8.04E-05	2.64E+14
173	657.5	7.26E-05	2.40E+14
174	658	7.13E-05	2.36E+14
175	660	6.87E-05	2.28E+14
176	663	6.30E-05	2.10E+14
177	665	6.00E-05	2.01E+14
178	665.5	5.94E-05	1.99E+14
179	670	5.21E-05	1.76E+14
180	670.5	5.12E-05	1.73E+14
181	672.5	4.89E-05	1.65E+14
182	675.5	4.54E-05	1.54E+14
183	677.5	4.23E-05	1.44E+14
184	678	4.15E-05	1.41E+14
185	682.5	3.66E-05	1.26E+14
186	683	3.60E-05	1.24E+14
187	685	3.47E-05	1.19E+14
188	688	3.11E-05	1.08E+14
189	690	2.98E-05	1.03E+14
190	690.5	2.92E-05	1.01E+14
191	695	2.57E-05	8.98E+13
192	695.5	2.56E-05	8.96E+13
193	697.5	2.34E-05	8.21E+13
194	700.5	2.16E-05	7.60E+13
195	702.5	1.99E-05	7.05E+13
196	703	1.99E-05	7.03E+13
197	707.5	1.75E-05	6.21E+13
198	708	1.71E-05	6.10E+13
199	710	1.54E-05	5.49E+13
200	713	1.42E-05	5.09E+13
201	715	1.32E-05	4.75E+13
202	715.5	1.31E-05	4.71E+13
203	720	1.12E-05	4.07E+13
204	720.5	1.11E-05	4.03E+13
205	722.5	1.00E-05	3.63E+13
206	725.5	8.96E-06	3.27E+13
207	727.5	8.96E-06	3.28E+13
208	728	9.22E-06	3.38E+13
209	732.5	7.65E-06	2.82E+13
210	733	7.65E-06	2.82E+13
211	735	7.52E-06	2.78E+13
212	738	6.67E-06	2.48E+13
213	740	6.12E-06	2.28E+13
214	740.5	6.23E-06	2.32E+13
215	745	4.00E-06	1.50E+13
216	745.5	4.38E-06	1.64E+13
217	747.5	5.25E-06	1.97E+13
218	750.5	3.54E-06	1.34E+13
219	752.5	4.74E-06	1.79E+13
220	753	4.39E-06	1.66E+13
221	757.5	3.50E-06	1.33E+13
222	758	3.38E-06	1.29E+13
223	760	2.94E-06	1.12E+13
224	763	2.32E-06	8.88E+12
225	765	2.86E-06	1.10E+13
226	765.5	2.78E-06	1.07E+13
227	770	1.56E-06	6.05E+12
228	770.5	1.73E-06	6.69E+12
229	772.5	2.03E-06	7.90E+12
230	775.5	1.67E-06	6.53E+12
231	777.5	1.31E-06	5.11E+12
232	778	1.56E-06	6.11E+12
233	782.5	1.11E-06	4.35E+12
234	783	9.68E-07	3.81E+12
235	785	9.74E-07	3.85E+12
236	788	2.88E-07	1.14E+12
237	790	2.92E-07	1.16E+12
238	790.5	5.96E-07	2.37E+12
239	795	1.13E-06	4.52E+12
240	795.5	5.72E-08	2.29E+11
241	797.5	3.33E-08	1.33E+11
242	800.5	1.06E-07	4.26E+11
243	802.5	0.00E+00	0.00E+00
244	803	0.00E+00	0.00E+00
245	807.5	0.00E+00	0.00E+00
246	808	0.00E+00	0.00E+00
247	810	1.05E-07	4.26E+11
248	813	0.00E+00	0.00E+00
249	815	1.11E-06	4.56E+12
250	815.5	2.00E-06	8.21E+12
251	820	0.00E+00	0.00E+00
252	820.5	0.00E+00	0.00E+00
253	822.5	2.34E-07	9.68E+11
254	825.5	0.00E+00	0.00E+00
255	827.5	0.00E+00	0.00E+00
256	828	0.00E+00	0.00E+00
257	832.5	0.00E+00	0.00E+00
258	833	0.00E+00	0.00E+00
259	835	0.00E+00	0.00E+00
260	838	1.62E-07	6.83E+11
261	840	1.41E-06	5.97E+12
262	840.5	8.70E-07	3.68E+12
263	845	0.00E+00	0.00E+00
264	845.5	0.00E+00	0.00E+00
265	847.5	4.43E-07	1.89E+12
266	850.5	6.19E-09	2.65E+10
267	852.5	0.00E+00	0.00E+00
268	853	0.00E+00	0.00E+00
269	857.5	0.00E+00	0.00E+00
270	858	0.00E+00	0.00E+00
271	860	0.00E+00	0.00E+00
272	863	0.00E+00	0.00E+00
273	865	0.00E+00	0.00E+00
274	865.5	0.00E+00	0.00E+00
275	870	0.00E+00	0.00E+00
276	870.5	0.00E+00	0.00E+00
277	872.5	0.00E+00	0.00E+00
278	875.5	0.00E+00	0.00E+00
279	877.5	0.00E+00	0.00E+00
280	878	0.00E+00	0.00E+00
281	882.5	0.00E+00	0.00E+00
282	883	1.79E-07	7.96E+11
283	885	0.00E+00	0.00E+00
284	888	0.00E+00	0.00E+00
285	890	0.00E+00	0.00E+00
286	890.5	0.00E+00	0.00E+00
287	895	4.91E-06	2.21E+13
288	895.5	0.00E+00	0.00E+00
289	897.5	0.00E+00	0.00E+00
