i	lambda [nm]	el [W/(cm2nm)]	Photonen [cm-2 nm^-1 s-1]
1	300	8.30E-08	1.25E+11
2	300.5	2.74E-07	4.14E+11
3	302.5	1.41E-07	2.15E+11
4	303	4.23E-07	6.45E+11
5	307.5	3.68E-09	5.68E+09
6	308	1.74E-08	2.69E+10
7	310	0.00E+00	0.00E+00
8	313	0.00E+00	0.00E+00
9	315	8.67E-08	1.37E+11
10	315.5	0.00E+00	0.00E+00
11	320	0.00E+00	0.00E+00
12	320.5	0.00E+00	0.00E+00
13	322.5	0.00E+00	0.00E+00
14	325.5	9.42E-08	1.54E+11
15	327.5	4.59E-07	7.55E+11
16	328	2.02E-07	3.33E+11
17	332.5	1.07E-07	1.78E+11
18	333	3.41E-07	5.72E+11
19	335	0.00E+00	0.00E+00
20	338	0.00E+00	0.00E+00
21	340	0.00E+00	0.00E+00
22	340.5	0.00E+00	0.00E+00
23	345	1.06E-07	1.85E+11
24	345.5	2.40E-07	4.16E+11
25	347.5	3.98E-07	6.95E+11
26	350.5	0.00E+00	0.00E+00
27	352.5	2.77E-09	4.90E+09
28	353	2.20E-07	3.90E+11
29	357.5	3.25E-07	5.84E+11
30	358	5.25E-07	9.44E+11
31	360	3.05E-08	5.51E+10
32	363	4.78E-08	8.73E+10
33	365	5.27E-07	9.67E+11
34	365.5	4.55E-07	8.35E+11
35	370	0.00E+00	0.00E+00
36	370.5	0.00E+00	0.00E+00
37	372.5	1.66E-07	3.10E+11
38	375.5	2.28E-08	4.30E+10
39	377.5	0.00E+00	0.00E+00
40	378	0.00E+00	0.00E+00
41	382.5	2.95E-07	5.67E+11
42	383	2.67E-07	5.15E+11
43	385	6.37E-07	1.23E+12
44	388	0.00E+00	0.00E+00
45	390	1.95E-07	3.82E+11
46	390.5	0.00E+00	0.00E+00
47	395	0.00E+00	0.00E+00
48	395.5	9.59E-08	1.91E+11
49	397.5	2.21E-07	4.41E+11
50	400.5	4.80E-07	9.66E+11
51	402.5	8.76E-07	1.77E+12
52	403	9.61E-07	1.95E+12
53	407.5	1.10E-06	2.24E+12
54	408	9.84E-07	2.02E+12
55	410	1.68E-06	3.47E+12
56	413	1.38E-06	2.87E+12
57	415	2.02E-06	4.21E+12
58	415.5	2.63E-06	5.49E+12
59	420	5.79E-06	1.22E+13
60	420.5	6.26E-06	1.32E+13
61	422.5	7.71E-06	1.64E+13
62	425.5	1.04E-05	2.22E+13
63	427.5	1.27E-05	2.73E+13
64	428	1.33E-05	2.85E+13
65	432.5	1.93E-05	4.19E+13
66	433	2.02E-05	4.39E+13
67	435	2.39E-05	5.23E+13
68	438	3.06E-05	6.74E+13
69	440	3.58E-05	7.92E+13
70	440.5	3.74E-05	8.28E+13
71	445	5.37E-05	1.20E+14
72	445.5	5.60E-05	1.26E+14
73	447.5	6.13E-05	1.38E+14
74	450.5	6.62E-05	1.50E+14
75	452.5	6.34E-05	1.44E+14
76	453	6.22E-05	1.42E+14
77	457.5	5.05E-05	1.16E+14
78	458	4.89E-05	1.13E+14
79	460	4.39E-05	1.02E+14
80	463	3.85E-05	8.96E+13
81	465	3.65E-05	8.53E+13
82	465.5	3.60E-05	8.42E+13
83	470	3.06E-05	7.22E+13
84	470.5	3.03E-05	7.16E+13
85	472.5	2.82E-05	6.71E+13
86	475.5	2.65E-05	6.33E+13
87	477.5	2.63E-05	6.31E+13
88	478	2.63E-05	6.33E+13
89	482.5	2.63E-05	6.38E+13
90	483	2.64E-05	6.40E+13
91	485	2.77E-05	6.75E+13
92	488	3.02E-05	7.41E+13
93	490	3.21E-05	7.91E+13
94	490.5	3.27E-05	8.07E+13
95	495	3.86E-05	9.62E+13
96	495.5	3.95E-05	9.84E+13
97	497.5	4.31E-05	1.08E+14
98	500.5	4.84E-05	1.22E+14
99	502.5	5.22E-05	1.32E+14
100	503	5.32E-05	1.35E+14
101	507.5	6.19E-05	1.58E+14
102	508	6.25E-05	1.60E+14
103	510	6.63E-05	1.70E+14
104	513	7.25E-05	1.87E+14
105	515	7.54E-05	1.95E+14
106	515.5	7.63E-05	1.98E+14
107	520	8.38E-05	2.19E+14
108	520.5	8.47E-05	2.22E+14
109	522.5	8.81E-05	2.31E+14
110	525.5	9.33E-05	2.46E+14
111	527.5	9.64E-05	2.56E+14
112	528	9.70E-05	2.58E+14
113	532.5	1.03E-04	2.76E+14
114	533	1.04E-04	2.78E+14
115	535	1.07E-04	2.87E+14
116	538	1.12E-04	3.02E+14
117	540	1.15E-04	3.11E+14
118	540.5	1.16E-04	3.14E+14
119	545	1.22E-04	3.35E+14
120	545.5	1.23E-04	3.37E+14
121	547.5	1.27E-04	3.49E+14
122	550.5	1.31E-04	3.64E+14
123	552.5	1.36E-04	3.77E+14
124	553	1.36E-04	3.79E+14
125	557.5	1.45E-04	4.05E+14
126	558	1.46E-04	4.09E+14
127	560	1.50E-04	4.23E+14
128	563	1.55E-04	4.40E+14
129	565	1.60E-04	4.55E+14
130	565.5	1.61E-04	4.58E+14
131	570	1.70E-04	4.86E+14
132	570.5	1.71E-04	4.89E+14
133	572.5	1.74E-04	5.02E+14
134	575.5	1.81E-04	5.25E+14
135	577.5	1.86E-04	5.41E+14
136	578	1.87E-04	5.45E+14
137	582.5	1.97E-04	5.76E+14
138	583	1.98E-04	5.81E+14
139	585	2.01E-04	5.92E+14
140	588	2.08E-04	6.16E+14
141	590	2.10E-04	6.24E+14
142	590.5	2.11E-04	6.27E+14
143	595	2.19E-04	6.54E+14
144	595.5	2.19E-04	6.57E+14
145	597.5	2.21E-04	6.63E+14
146	600.5	2.23E-04	6.74E+14
147	602.5	2.25E-04	6.80E+14
148	603	2.25E-04	6.82E+14
149	607.5	2.24E-04	6.83E+14
150	608	2.23E-04	6.82E+14
151	610	2.22E-04	6.82E+14
152	613	2.21E-04	6.82E+14
153	615	2.19E-04	6.76E+14
154	615.5	2.18E-04	6.74E+14
155	620	2.10E-04	6.54E+14
156	620.5	2.08E-04	6.50E+14
157	622.5	2.07E-04	6.47E+14
158	625.5	2.00E-04	6.28E+14
159	627.5	1.96E-04	6.20E+14
160	628	1.95E-04	6.17E+14
161	632.5	1.82E-04	5.79E+14
162	633	1.81E-04	5.76E+14
163	635	1.76E-04	5.63E+14
164	638	1.67E-04	5.36E+14
165	640	1.62E-04	5.21E+14
166	640.5	1.60E-04	5.16E+14
167	645	1.47E-04	4.76E+14
168	645.5	1.45E-04	4.71E+14
169	647.5	1.40E-04	4.55E+14
170	650.5	1.30E-04	4.24E+14
171	652.5	1.25E-04	4.09E+14
172	653	1.23E-04	4.04E+14
173	657.5	1.11E-04	3.66E+14
174	658	1.09E-04	3.62E+14
175	660	1.05E-04	3.49E+14
176	663	9.63E-05	3.21E+14
177	665	9.18E-05	3.07E+14
178	665.5	9.09E-05	3.04E+14
179	670	7.97E-05	2.68E+14
180	670.5	7.83E-05	2.64E+14
181	672.5	7.48E-05	2.53E+14
182	675.5	6.94E-05	2.36E+14
183	677.5	6.47E-05	2.20E+14
184	678	6.34E-05	2.16E+14
185	682.5	5.60E-05	1.92E+14
186	683	5.50E-05	1.89E+14
187	685	5.30E-05	1.83E+14
188	688	4.76E-05	1.65E+14
189	690	4.56E-05	1.58E+14
190	690.5	4.46E-05	1.55E+14
191	695	3.93E-05	1.37E+14
192	695.5	3.92E-05	1.37E+14
193	697.5	3.58E-05	1.26E+14
194	700.5	3.30E-05	1.16E+14
195	702.5	3.05E-05	1.08E+14
196	703	3.04E-05	1.07E+14
197	707.5	2.67E-05	9.48E+13
198	708	2.62E-05	9.32E+13
199	710	2.35E-05	8.39E+13
200	713	2.17E-05	7.78E+13
201	715	2.02E-05	7.26E+13
202	715.5	2.00E-05	7.19E+13
203	720	1.72E-05	6.23E+13
204	720.5	1.70E-05	6.16E+13
205	722.5	1.53E-05	5.57E+13
206	725.5	1.37E-05	5.01E+13
207	727.5	1.37E-05	5.02E+13
208	728	1.41E-05	5.15E+13
209	732.5	1.17E-05	4.31E+13
210	733	1.17E-05	4.30E+13
211	735	1.15E-05	4.25E+13
212	738	1.02E-05	3.79E+13
213	740	9.36E-06	3.48E+13
214	740.5	9.52E-06	3.54E+13
215	745	6.11E-06	2.29E+13
216	745.5	6.70E-06	2.51E+13
217	747.5	8.03E-06	3.02E+13
218	750.5	5.42E-06	2.04E+13
219	752.5	7.24E-06	2.74E+13
220	753	6.71E-06	2.54E+13
221	757.5	5.35E-06	2.04E+13
222	758	5.17E-06	1.97E+13
223	760	4.50E-06	1.72E+13
224	763	3.54E-06	1.36E+13
225	765	4.38E-06	1.68E+13
226	765.5	4.25E-06	1.64E+13
227	770	2.39E-06	9.26E+12
228	770.5	2.64E-06	1.02E+13
229	772.5	3.11E-06	1.21E+13
230	775.5	2.56E-06	9.99E+12
231	777.5	2.00E-06	7.80E+12
232	778	2.39E-06	9.35E+12
233	782.5	1.69E-06	6.67E+12
234	783	1.48E-06	5.81E+12
235	785	1.49E-06	5.86E+12
236	788	4.41E-07	1.75E+12
237	790	4.46E-07	1.77E+12
238	790.5	9.12E-07	3.62E+12
239	795	1.73E-06	6.93E+12
240	795.5	8.75E-08	3.50E+11
241	797.5	5.09E-08	2.04E+11
242	800.5	1.62E-07	6.52E+11
243	802.5	0.00E+00	0.00E+00
244	803	0.00E+00	0.00E+00
245	807.5	0.00E+00	0.00E+00
246	808	0.00E+00	0.00E+00
247	810	1.60E-07	6.52E+11
248	813	0.00E+00	0.00E+00
249	815	1.70E-06	6.98E+12
250	815.5	3.06E-06	1.25E+13
251	820	0.00E+00	0.00E+00
252	820.5	0.00E+00	0.00E+00
253	822.5	3.58E-07	1.48E+12
254	825.5	0.00E+00	0.00E+00
255	827.5	0.00E+00	0.00E+00
256	828	0.00E+00	0.00E+00
257	832.5	0.00E+00	0.00E+00
258	833	0.00E+00	0.00E+00
259	835	0.00E+00	0.00E+00
260	838	2.48E-07	1.04E+12
261	840	2.16E-06	9.14E+12
262	840.5	1.33E-06	5.64E+12
263	845	0.00E+00	0.00E+00
264	845.5	0.00E+00	0.00E+00
265	847.5	6.77E-07	2.88E+12
266	850.5	9.46E-09	4.04E+10
267	852.5	0.00E+00	0.00E+00
268	853	0.00E+00	0.00E+00
269	857.5	0.00E+00	0.00E+00
270	858	0.00E+00	0.00E+00
271	860	0.00E+00	0.00E+00
272	863	0.00E+00	0.00E+00
273	865	0.00E+00	0.00E+00
274	865.5	0.00E+00	0.00E+00
275	870	0.00E+00	0.00E+00
276	870.5	0.00E+00	0.00E+00
277	872.5	0.00E+00	0.00E+00
278	875.5	0.00E+00	0.00E+00
279	877.5	0.00E+00	0.00E+00
280	878	0.00E+00	0.00E+00
281	882.5	0.00E+00	0.00E+00
282	883	2.74E-07	1.22E+12
283	885	0.00E+00	0.00E+00
284	888	0.00E+00	0.00E+00
285	890	0.00E+00	0.00E+00
286	890.5	0.00E+00	0.00E+00
287	895	7.50E-06	3.38E+13
288	895.5	0.00E+00	0.00E+00
289	897.5	0.00E+00	0.00E+00
