i	lambda [nm]	el [W/(cm2nm)]	Photonen [cm-2 nm^-1 s-1]
1	300	3.82E-08	5.75E+10
2	302	2.21E-07	3.36E+11
3	304	2.64E-07	4.04E+11
4	306	1.84E-07	2.84E+11
5	308	1.93E-07	2.98E+11
6	310	1.25E-07	1.95E+11
7	312	1.70E-07	2.67E+11
8	314	1.73E-07	2.74E+11
9	316	2.00E-07	3.18E+11
10	318	1.31E-07	2.10E+11
11	320	1.06E-07	1.70E+11
12	322	1.78E-07	2.88E+11
13	324	1.34E-07	2.18E+11
14	326	2.14E-07	3.50E+11
15	328	9.70E-08	1.60E+11
16	330	1.08E-07	1.79E+11
17	332	1.78E-07	2.97E+11
18	334	1.16E-07	1.95E+11
19	336	1.96E-07	3.30E+11
20	338	1.26E-07	2.14E+11
21	340	1.92E-07	3.28E+11
22	342	2.45E-07	4.21E+11
23	344	2.45E-07	4.23E+11
24	346	1.34E-07	2.32E+11
25	348	2.94E-07	5.14E+11
26	350	2.59E-07	4.56E+11
27	352	2.18E-07	3.85E+11
28	354	1.77E-07	3.16E+11
29	356	2.52E-07	4.51E+11
30	358	2.38E-07	4.29E+11
31	360	2.75E-07	4.97E+11
32	362	1.69E-07	3.07E+11
33	364	3.93E-07	7.20E+11
34	366	3.61E-07	6.64E+11
35	368	2.33E-07	4.31E+11
36	370	2.68E-07	4.99E+11
37	372	2.79E-07	5.22E+11
38	374	2.88E-07	5.41E+11
39	376	2.05E-07	3.87E+11
40	378	3.02E-07	5.73E+11
41	380	3.10E-07	5.92E+11
42	382	3.75E-07	7.21E+11
43	384	3.52E-07	6.80E+11
44	386	3.35E-07	6.49E+11
45	388	2.53E-07	4.94E+11
46	390	2.51E-07	4.93E+11
47	392	3.14E-07	6.19E+11
48	394	3.62E-07	7.17E+11
49	396	3.99E-07	7.94E+11
50	398	4.40E-07	8.80E+11
51	400	4.78E-07	9.61E+11
52	402	4.82E-07	9.74E+11
53	404	4.34E-07	8.82E+11
54	406	5.66E-07	1.16E+12
55	408	7.41E-07	1.52E+12
56	410	6.82E-07	1.40E+12
57	412	8.31E-07	1.72E+12
58	414	1.05E-06	2.19E+12
59	416	1.21E-06	2.54E+12
60	418	1.62E-06	3.41E+12
61	420	2.10E-06	4.42E+12
62	422	2.85E-06	6.04E+12
63	424	3.74E-06	7.97E+12
64	426	4.63E-06	9.92E+12
65	428	6.08E-06	1.31E+13
66	430	7.70E-06	1.66E+13
67	432	9.47E-06	2.06E+13
68	434	1.15E-05	2.52E+13
69	436	1.40E-05	3.08E+13
70	438	1.66E-05	3.66E+13
71	440	1.95E-05	4.32E+13
72	442	2.30E-05	5.12E+13
73	444	2.68E-05	5.99E+13
74	446	3.14E-05	7.05E+13
75	448	3.66E-05	8.24E+13
76	450	4.23E-05	9.58E+13
77	452	4.79E-05	1.09E+14
78	454	5.20E-05	1.19E+14
79	456	5.54E-05	1.27E+14
80	458	5.68E-05	1.31E+14
81	460	5.54E-05	1.28E+14
82	462	5.34E-05	1.24E+14
83	464	5.03E-05	1.17E+14
84	466	4.64E-05	1.09E+14
85	468	4.30E-05	1.01E+14
86	470	4.05E-05	9.56E+13
87	472	3.82E-05	9.05E+13
88	474	3.63E-05	8.64E+13
89	476	3.41E-05	8.17E+13
90	478	3.25E-05	7.81E+13
91	480	3.11E-05	7.49E+13
92	482	2.92E-05	7.07E+13
93	484	2.79E-05	6.79E+13
94	486	2.67E-05	6.54E+13
95	488	2.61E-05	6.40E+13
96	490	2.59E-05	6.38E+13
97	492	2.59E-05	6.40E+13
98	494	2.62E-05	6.50E+13
99	496	2.68E-05	6.68E+13
100	498	2.78E-05	6.97E+13
101	500	2.90E-05	7.29E+13
102	502	3.08E-05	7.76E+13
103	504	3.27E-05	8.27E+13
104	506	3.50E-05	8.90E+13
105	508	3.71E-05	9.49E+13
106	510	3.99E-05	1.02E+14
107	512	4.27E-05	1.10E+14
108	514	4.56E-05	1.18E+14
109	516	4.83E-05	1.25E+14
110	518	5.14E-05	1.34E+14
111	520	5.43E-05	1.42E+14
112	522	5.69E-05	1.49E+14
113	524	5.99E-05	1.58E+14
114	526	6.24E-05	1.65E+14
115	528	6.48E-05	1.72E+14
116	530	6.76E-05	1.80E+14
117	532	7.00E-05	1.87E+14
118	534	7.22E-05	1.94E+14
119	536	7.43E-05	2.00E+14
120	538	7.66E-05	2.07E+14
121	540	7.87E-05	2.14E+14
122	542	8.08E-05	2.20E+14
123	544	8.33E-05	2.28E+14
124	546	8.49E-05	2.33E+14
125	548	8.72E-05	2.40E+14
126	550	8.94E-05	2.47E+14
127	552	9.15E-05	2.54E+14
128	554	9.38E-05	2.61E+14
129	556	9.60E-05	2.68E+14
130	558	9.87E-05	2.77E+14
131	560	1.01E-04	2.84E+14
132	562	1.03E-04	2.91E+14
133	564	1.05E-04	2.98E+14
134	566	1.07E-04	3.06E+14
135	568	1.09E-04	3.13E+14
136	570	1.11E-04	3.19E+14
137	572	1.13E-04	3.26E+14
138	574	1.16E-04	3.34E+14
139	576	1.18E-04	3.41E+14
140	578	1.20E-04	3.47E+14
141	580	1.21E-04	3.54E+14
142	582	1.23E-04	3.60E+14
143	584	1.25E-04	3.67E+14
144	586	1.26E-04	3.72E+14
145	588	1.28E-04	3.78E+14
146	590	1.29E-04	3.82E+14
147	592	1.30E-04	3.87E+14
148	594	1.31E-04	3.91E+14
149	596	1.31E-04	3.93E+14
150	598	1.32E-04	3.96E+14
151	600	1.32E-04	3.98E+14
152	602	1.32E-04	4.00E+14
153	604	1.32E-04	4.01E+14
154	606	1.31E-04	3.99E+14
155	608	1.31E-04	4.00E+14
156	610	1.30E-04	3.99E+14
157	612	1.29E-04	3.97E+14
158	614	1.28E-04	3.95E+14
159	616	1.26E-04	3.90E+14
160	618	1.24E-04	3.86E+14
161	620	1.22E-04	3.82E+14
162	622	1.21E-04	3.77E+14
163	624	1.18E-04	3.71E+14
164	626	1.16E-04	3.65E+14
165	628	1.14E-04	3.59E+14
166	630	1.11E-04	3.51E+14
167	632	1.08E-04	3.44E+14
168	634	1.05E-04	3.36E+14
169	636	1.02E-04	3.27E+14
170	638	9.96E-05	3.20E+14
171	640	9.62E-05	3.09E+14
172	642	9.34E-05	3.01E+14
173	644	9.03E-05	2.92E+14
174	646	8.69E-05	2.82E+14
175	648	8.41E-05	2.74E+14
176	650	8.06E-05	2.63E+14
177	652	7.78E-05	2.55E+14
178	654	7.43E-05	2.44E+14
179	656	7.16E-05	2.36E+14
180	658	6.83E-05	2.26E+14
181	660	6.56E-05	2.18E+14
182	662	6.22E-05	2.07E+14
183	664	5.96E-05	1.99E+14
184	666	5.65E-05	1.89E+14
185	668	5.39E-05	1.81E+14
186	670	5.11E-05	1.72E+14
187	672	4.88E-05	1.65E+14
188	674	4.65E-05	1.58E+14
189	676	4.40E-05	1.49E+14
190	678	4.18E-05	1.42E+14
191	680	3.96E-05	1.35E+14
192	682	3.74E-05	1.28E+14
193	684	3.56E-05	1.23E+14
194	686	3.38E-05	1.17E+14
195	688	3.21E-05	1.11E+14
196	690	3.01E-05	1.04E+14
197	692	2.85E-05	9.92E+13
198	694	2.71E-05	9.45E+13
199	696	2.54E-05	8.90E+13
200	698	2.41E-05	8.45E+13
201	700	2.28E-05	8.02E+13
202	702	2.15E-05	7.58E+13
203	704	2.03E-05	7.19E+13
204	706	1.90E-05	6.75E+13
205	708	1.80E-05	6.41E+13
206	710	1.69E-05	6.03E+13
207	712	1.59E-05	5.70E+13
208	714	1.50E-05	5.39E+13
209	716	1.42E-05	5.12E+13
210	718	1.33E-05	4.80E+13
211	720	1.27E-05	4.60E+13
212	722	1.19E-05	4.33E+13
213	724	1.13E-05	4.11E+13
214	726	1.07E-05	3.89E+13
215	728	9.99E-06	3.66E+13
216	730	9.61E-06	3.53E+13
217	732	8.97E-06	3.30E+13
218	734	8.38E-06	3.09E+13
219	736	7.95E-06	2.94E+13
220	738	7.29E-06	2.70E+13
221	740	7.03E-06	2.62E+13
222	742	6.79E-06	2.53E+13
223	744	6.38E-06	2.39E+13
224	746	6.00E-06	2.25E+13
225	748	5.57E-06	2.09E+13
226	750	5.21E-06	1.96E+13
227	752	5.05E-06	1.91E+13
228	754	4.58E-06	1.74E+13
229	756	4.41E-06	1.68E+13
230	758	4.18E-06	1.59E+13
231	760	3.87E-06	1.48E+13
232	762	3.66E-06	1.40E+13
233	764	3.50E-06	1.34E+13
234	766	3.29E-06	1.27E+13
235	768	3.36E-06	1.30E+13
236	770	2.98E-06	1.15E+13
237	772	2.97E-06	1.15E+13
238	774	2.73E-06	1.06E+13
239	776	2.46E-06	9.61E+12
240	778	2.46E-06	9.62E+12
241	780	2.22E-06	8.71E+12
242	782	1.67E-06	6.56E+12
243	784	2.17E-06	8.56E+12
244	786	1.64E-06	6.48E+12
245	788	1.98E-06	7.84E+12
246	790	1.69E-06	6.73E+12
247	792	1.58E-06	6.27E+12
248	794	1.36E-06	5.42E+12
249	796	1.35E-06	5.38E+12
250	798	1.43E-06	5.73E+12
251	800	1.36E-06	5.46E+12
252	802	1.46E-06	5.88E+12
253	804	1.19E-06	4.79E+12
254	806	1.33E-06	5.41E+12
255	808	1.47E-06	5.98E+12
256	810	9.52E-07	3.88E+12
257	812	9.71E-07	3.97E+12
258	814	9.43E-07	3.86E+12
259	816	1.55E-06	6.36E+12
260	818	7.44E-07	3.06E+12
261	820	1.10E-06	4.54E+12
262	822	5.70E-07	2.36E+12
263	824	9.42E-07	3.90E+12
264	826	4.84E-07	2.01E+12
265	828	9.47E-07	3.94E+12
266	830	4.33E-07	1.81E+12
267	832	4.85E-07	2.03E+12
268	834	5.02E-07	2.11E+12
269	836	6.03E-07	2.53E+12
270	838	5.26E-07	2.21E+12
271	840	6.09E-07	2.57E+12
272	842	2.50E-08	1.06E+11
273	844	7.42E-07	3.15E+12
274	846	5.46E-07	2.32E+12
275	848	4.90E-07	2.09E+12
276	850	6.15E-07	2.63E+12
277	852	1.25E-07	5.34E+11
278	854	7.57E-07	3.25E+12
279	856	1.33E-06	5.73E+12
280	858	5.71E-08	2.46E+11
281	860	2.12E-07	9.17E+11
282	862	5.04E-07	2.19E+12
283	864	1.83E-07	7.93E+11
284	866	3.27E-07	1.42E+12
285	868	3.96E-07	1.73E+12
286	870	3.49E-07	1.53E+12
287	872	1.07E-06	4.69E+12
288	874	0.00E+00	0.00E+00
289	876	1.62E-06	7.13E+12
290	878	1.11E-07	4.88E+11
291	880	6.54E-07	2.89E+12
292	882	1.82E-06	8.07E+12
293	884	0.00E+00	0.00E+00
294	886	1.42E-07	6.32E+11
295	888	1.30E-06	5.79E+12
296	890	3.67E-07	1.64E+12
297	892	2.41E-07	1.08E+12
298	894	1.93E-06	8.66E+12
299	896	4.42E-07	1.99E+12
300	898	1.35E-06	6.12E+12
