i	lambda [nm]	el [W/(cm2nm)]	Photonen [cm-2 nm^-1 s-1]
1	135	1.09285E-06	7.42E+11
2	140	1.99809E-06	1.41E+12
3	150	1.13523E-05	8.56E+12
4	160	1.58785E-05	1.28E+13
5	170	4.34883E-05	3.72E+13
6	180	7.14E-05	6.46E+13
7	190	8.82978E-05	8.43E+13
8	200	0.000102178	1.03E+14
9	210	0.000103083	1.09E+14
10	220	8.95048E-05	9.90E+13
11	230	8.56943E-05	9.91E+13
12	240	9.08627E-05	1.10E+14
13	250	9.41293E-05	1.18E+14
14	260	9.2017E-05	1.20E+14
15	270	9.2824E-05	1.26E+14
16	280	8.81943E-05	1.24E+14
17	290	8.34681E-05	1.22E+14
18	300	8.19611E-05	1.24E+14
19	310	8.00524E-05	1.25E+14
20	320	8.16594E-05	1.32E+14
21	330	0.000112739	1.87E+14
22	340	0.000135767	2.32E+14
23	350	0.000108364	1.91E+14
24	360	8.64873E-05	1.57E+14
25	370	8.15576E-05	1.52E+14
26	380	8.76943E-05	1.68E+14
27	390	9.19188E-05	1.80E+14
28	400	0.000106101	2.14E+14
29	410	0.000109722	2.26E+14
30	420	9.19188E-05	1.94E+14
31	430	8.04524E-05	1.74E+14
32	440	7.178E-05	1.59E+14
33	450	6.91871E-05	1.57E+14
34	460	6.2951E-05	1.46E+14
35	470	6.2144E-05	1.47E+14
36	480	6.1744E-05	1.49E+14
37	490	6.75807E-05	1.67E+14
38	500	6.3251E-05	1.59E+14
39	510	5.48039E-05	1.41E+14
40	520	4.12252E-05	1.08E+14
41	530	3.30763E-05	8.83E+13
42	540	3.20693E-05	8.72E+13
43	550	3.15693E-05	8.74E+13
44	560	3.21728E-05	9.07E+13
45	570	3.03606E-05	8.71E+13
46	580	3.15763E-05	9.22E+13
47	590	4.06217E-05	1.21E+14
48	600	4.20287E-05	1.27E+14
49	610	3.3185E-05	1.02E+14
50	620	2.66379E-05	8.31E+13
51	630	2.40748E-05	7.64E+13
52	640	2.17117E-05	7.00E+13
53	650	1.94994E-05	6.38E+13
54	660	1.75855E-05	5.84E+13
55	670	1.6482E-05	5.56E+13
56	680	1.65837E-05	5.68E+13
57	690	1.6782E-05	5.83E+13
58	700	1.60328E-05	5.65E+13
59	710	1.57767E-05	5.64E+13
60	720	1.78924E-05	6.49E+13
61	730	1.80872E-05	6.65E+13
62	740	1.90468E-05	7.10E+13
63	750	1.82242E-05	6.88E+13
64	760	1.73872E-05	6.65E+13
65	770	1.80889E-05	7.01E+13
66	780	1.30592E-05	5.13E+13
67	790	1.19557E-05	4.75E+13
68	800	1.2861E-05	5.18E+13
69	810	1.40154E-05	5.71E+13
70	820	1.46715E-05	6.06E+13
71	830	1.49276E-05	6.24E+13
72	840	1.40697E-05	5.95E+13
73	850	1.29645E-05	5.55E+13
74	860	1.19557E-05	5.18E+13
75	870	1.0287E-05	4.51E+13
76	880	1.01453E-05	4.49E+13
77	890	1.01453E-05	4.55E+13
78	900	1.01453E-05	4.60E+13
79	910	1.01453E-05	4.65E+13
80	920	1.01003E-05	4.68E+13
81	930	9.65177E-06	4.52E+13
82	940	9.44E-06	4.47E+13
83	950	8.2342E-06	3.94E+13
84	960	7.92E-06	3.83E+13
85	970	8.10E-06	3.96E+13
86	980	8.33478E-06	4.11E+13
87	990	7.33E-06	3.65E+13
88	1000	7.12E-06	3.58E+13
89	1010	6.91E-06	3.52E+13
90	1020	8.63653E-06	4.43E+13
91	1030	1.0447E-05	5.42E+13
92	1040	9.24002E-06	4.84E+13
93	1050	9.65177E-06	5.10E+13
94	1060	1.25592E-05	6.70E+13
95	1070	1.18049E-05	6.36E+13
96	1080	1.01E-06	5.51E+12
97	1090	9.13E-06	5.01E+13
98	1100	7.42954E-06	4.11E+13
99	1110	6.45E-06	3.61E+13
100	1120	6.50E-06	3.67E+13
101	1130	6.16E-06	3.51E+12
102	1140	6.12E-06	3.51E+13
103	1150	6.45E-06	3.74E+13
104	1160	6.5243E-06	3.81E+13
105	1170	6.5243E-06	3.84E+13
106	1180	6.5243E-06	3.88E+13
107	1190	6.5243E-06	3.91E+13
108	1200	6.5243E-06	3.94E+13
