i	lambda [nm]	el [W/(cm2nm)]	Photonen [cm-2 nm^-1 s-1]
1	300	6.81E-07	1.03E+12
2	300.5	1.78E-06	2.68E+12
3	302	1.17E-06	1.77E+12
4	305	1.42E-06	2.18E+12
5	306	9.05E-07	1.39E+12
6	308	1.75E-06	2.71E+12
7	311	1.85E-06	2.89E+12
8	312	8.71E-07	1.37E+12
9	314	1.03E-06	1.63E+12
10	317	7.95E-07	1.27E+12
11	318	1.59E-06	2.55E+12
12	320	2.03E-06	3.26E+12
13	323	1.16E-06	1.88E+12
14	324	1.60E-06	2.60E+12
15	326	1.90E-06	3.12E+12
16	329	2.40E-06	3.97E+12
17	330	1.90E-06	3.15E+12
18	332	2.42E-06	4.04E+12
19	335	2.26E-06	3.80E+12
20	336	2.04E-06	3.44E+12
21	338	1.90E-06	3.23E+12
22	341	2.47E-06	4.24E+12
23	342	2.04E-06	3.50E+12
24	344	2.30E-06	3.98E+12
25	347	2.47E-06	4.32E+12
26	348	2.41E-06	4.22E+12
27	350	2.06E-06	3.63E+12
28	353	2.51E-06	4.45E+12
29	354	2.94E-06	5.23E+12
30	356	2.05E-06	3.66E+12
31	359	2.88E-06	5.21E+12
32	360	2.61E-06	4.72E+12
33	362	2.44E-06	4.43E+12
34	365	3.58E-06	6.57E+12
35	366	2.97E-06	5.47E+12
36	368	2.81E-06	5.19E+12
37	371	3.56E-06	6.64E+12
38	372	3.66E-06	6.84E+12
39	374	3.29E-06	6.19E+12
40	377	3.64E-06	6.89E+12
41	378	3.50E-06	6.66E+12
42	380	4.15E-06	7.94E+12
43	383	4.49E-06	8.65E+12
44	384	4.31E-06	8.32E+12
45	386	4.67E-06	9.06E+12
46	389	5.40E-06	1.06E+13
47	390	5.79E-06	1.14E+13
48	392	7.14E-06	1.41E+13
49	395	7.29E-06	1.45E+13
50	396	7.67E-06	1.53E+13
51	398	8.37E-06	1.68E+13
52	401	1.21E-05	2.44E+13
53	402	1.34E-05	2.71E+13
54	404	1.62E-05	3.28E+13
55	407	2.51E-05	5.13E+13
56	408	2.90E-05	5.95E+13
57	410	3.91E-05	8.05E+13
58	413	6.21E-05	1.29E+14
59	414	7.22E-05	1.50E+14
60	416	9.89E-05	2.07E+14
61	419	1.57E-04	3.30E+14
62	420	1.82E-04	3.84E+14
63	422	2.40E-04	5.10E+14
64	425	3.52E-04	7.52E+14
65	426	3.94E-04	8.43E+14
66	428	4.87E-04	1.05E+15
67	431	6.38E-04	1.38E+15
68	432	6.87E-04	1.49E+15
69	434	7.98E-04	1.74E+15
70	437	9.80E-04	2.15E+15
71	438	1.04E-03	2.29E+15
72	440	1.14E-03	2.52E+15
73	443	1.23E-03	2.73E+15
74	444	1.23E-03	2.74E+15
75	446	1.20E-03	2.68E+15
76	449	1.03E-03	2.33E+15
77	450	9.61E-04	2.17E+15
78	452	8.15E-04	1.85E+15
79	455	6.16E-04	1.41E+15
80	456	5.61E-04	1.29E+15
81	458	4.72E-04	1.09E+15
82	461	3.70E-04	8.58E+14
83	462	3.44E-04	7.99E+14
84	464	2.98E-04	6.96E+14
85	467	2.43E-04	5.70E+14
86	468	2.28E-04	5.35E+14
87	470	1.98E-04	4.67E+14
88	473	1.67E-04	3.98E+14
89	474	1.61E-04	3.84E+14
90	476	1.48E-04	3.55E+14
91	479	1.35E-04	3.26E+14
92	480	1.33E-04	3.20E+14
93	482	1.28E-04	3.09E+14
94	485	1.26E-04	3.06E+14
95	486	1.26E-04	3.08E+14
96	488	1.30E-04	3.19E+14
97	491	1.43E-04	3.52E+14
98	492	1.48E-04	3.67E+14
99	494	1.64E-04	4.08E+14
100	497	1.91E-04	4.78E+14
101	498	2.03E-04	5.07E+14
102	500	2.25E-04	5.66E+14
103	503	2.65E-04	6.70E+14
104	504	2.80E-04	7.09E+14
105	506	3.10E-04	7.88E+14
106	509	3.55E-04	9.07E+14
107	510	3.70E-04	9.49E+14
108	512	4.00E-04	1.03E+15
109	515	4.45E-04	1.15E+15
110	516	4.59E-04	1.19E+15
111	518	4.87E-04	1.27E+15
112	521	5.23E-04	1.37E+15
113	522	5.35E-04	1.40E+15
114	524	5.57E-04	1.47E+15
115	527	5.86E-04	1.55E+15
116	528	5.95E-04	1.58E+15
117	530	6.09E-04	1.62E+15
118	533	6.30E-04	1.69E+15
119	534	6.36E-04	1.71E+15
120	536	6.48E-04	1.75E+15
121	539	6.61E-04	1.79E+15
122	540	6.65E-04	1.81E+15
123	542	6.71E-04	1.83E+15
124	545	6.82E-04	1.87E+15
125	546	6.84E-04	1.88E+15
126	548	6.88E-04	1.90E+15
127	551	6.95E-04	1.93E+15
128	552	6.96E-04	1.93E+15
129	554	6.99E-04	1.95E+15
130	557	7.03E-04	1.97E+15
131	558	7.03E-04	1.97E+15
132	560	7.04E-04	1.98E+15
133	563	7.02E-04	1.99E+15
134	564	6.99E-04	1.98E+15
135	566	6.95E-04	1.98E+15
136	569	6.93E-04	1.98E+15
137	570	6.90E-04	1.98E+15
138	572	6.83E-04	1.97E+15
139	575	6.76E-04	1.95E+15
140	576	6.73E-04	1.95E+15
141	578	6.67E-04	1.94E+15
142	581	6.54E-04	1.91E+15
143	582	6.51E-04	1.90E+15
144	584	6.42E-04	1.88E+15
145	587	6.26E-04	1.85E+15
146	588	6.19E-04	1.83E+15
147	590	6.08E-04	1.80E+15
148	593	5.93E-04	1.77E+15
149	594	5.86E-04	1.75E+15
150	596	5.71E-04	1.71E+15
151	599	5.53E-04	1.67E+15
152	600	5.47E-04	1.65E+15
153	602	5.32E-04	1.61E+15
154	605	5.09E-04	1.55E+15
155	606	5.02E-04	1.53E+15
156	608	4.87E-04	1.49E+15
157	611	4.67E-04	1.44E+15
158	612	4.58E-04	1.41E+15
159	614	4.42E-04	1.37E+15
160	617	4.21E-04	1.31E+15
161	618	4.12E-04	1.28E+15
162	620	3.98E-04	1.24E+15
163	623	3.77E-04	1.18E+15
164	624	3.70E-04	1.16E+15
165	626	3.57E-04	1.12E+15
166	629	3.36E-04	1.06E+15
167	630	3.30E-04	1.05E+15
168	632	3.17E-04	1.01E+15
169	635	2.99E-04	9.56E+14
170	636	2.91E-04	9.31E+14
171	638	2.80E-04	8.99E+14
172	641	2.62E-04	8.46E+14
173	642	2.57E-04	8.30E+14
174	644	2.45E-04	7.94E+14
175	647	2.29E-04	7.44E+14
176	648	2.24E-04	7.30E+14
177	650	2.14E-04	7.01E+14
178	653	1.99E-04	6.54E+14
179	654	1.95E-04	6.42E+14
180	656	1.86E-04	6.14E+14
181	659	1.73E-04	5.72E+14
182	660	1.69E-04	5.60E+14
183	662	1.60E-04	5.31E+14
184	665	1.47E-04	4.92E+14
185	666	1.44E-04	4.82E+14
186	668	1.37E-04	4.60E+14
187	671	1.27E-04	4.29E+14
188	672	1.23E-04	4.14E+14
189	674	1.18E-04	4.00E+14
190	677	1.09E-04	3.71E+14
191	678	1.07E-04	3.64E+14
192	680	1.01E-04	3.47E+14
193	683	9.34E-05	3.21E+14
194	684	9.10E-05	3.13E+14
195	686	8.73E-05	3.01E+14
196	689	7.99E-05	2.77E+14
197	690	7.79E-05	2.70E+14
198	692	7.41E-05	2.58E+14
199	695	6.94E-05	2.43E+14
200	696	6.82E-05	2.39E+14
201	698	6.35E-05	2.23E+14
202	701	5.85E-05	2.06E+14
203	702	5.66E-05	2.00E+14
204	704	5.43E-05	1.92E+14
205	707	5.02E-05	1.78E+14
206	708	4.90E-05	1.74E+14
207	710	4.73E-05	1.69E+14
208	713	4.40E-05	1.58E+14
209	714	4.14E-05	1.49E+14
210	716	4.02E-05	1.45E+14
211	719	3.67E-05	1.33E+14
212	720	3.59E-05	1.30E+14
213	722	3.40E-05	1.23E+14
214	725	3.15E-05	1.15E+14
215	726	3.10E-05	1.13E+14
216	728	2.97E-05	1.09E+14
217	731	2.71E-05	9.96E+13
218	732	2.59E-05	9.52E+13
219	734	2.47E-05	9.10E+13
220	737	2.41E-05	8.94E+13
221	738	2.23E-05	8.28E+13
222	740	2.20E-05	8.17E+13
223	743	2.08E-05	7.79E+13
224	744	1.94E-05	7.24E+13
225	746	1.90E-05	7.13E+13
226	749	1.74E-05	6.54E+13
227	750	1.77E-05	6.68E+13
228	752	1.51E-05	5.70E+13
229	755	1.54E-05	5.86E+13
230	756	1.45E-05	5.51E+13
231	758	1.37E-05	5.23E+13
232	761	1.30E-05	4.97E+13
233	762	1.23E-05	4.73E+13
234	764	1.17E-05	4.51E+13
235	767	1.02E-05	3.93E+13
236	768	1.13E-05	4.37E+13
237	770	1.10E-05	4.27E+13
238	773	9.48E-06	3.68E+13
239	774	9.33E-06	3.63E+13
240	776	9.00E-06	3.51E+13
241	779	8.56E-06	3.35E+13
242	780	9.47E-06	3.71E+13
243	782	9.75E-06	3.83E+13
244	785	7.56E-06	2.99E+13
245	786	7.48E-06	2.96E+13
246	788	5.86E-06	2.32E+13
247	791	6.72E-06	2.67E+13
248	792	6.11E-06	2.43E+13
249	794	7.56E-06	3.02E+13
250	797	8.28E-06	3.32E+13
251	798	8.51E-06	3.42E+13
252	800	5.44E-06	2.19E+13
253	803	4.55E-06	1.84E+13
254	804	1.74E-06	7.02E+12
255	806	6.57E-06	2.66E+13
256	809	4.22E-06	1.71E+13
257	810	5.71E-06	2.33E+13
258	812	2.06E-06	8.42E+12
259	815	5.67E-06	2.32E+13
260	816	3.46E-06	1.42E+13
261	818	4.06E-06	1.67E+13
262	821	8.57E-06	3.54E+13
263	822	1.14E-06	4.71E+12
264	824	4.04E-06	1.67E+13
265	827	3.69E-06	1.53E+13
266	828	3.58E-06	1.49E+13
267	830	5.04E-06	2.10E+13
268	833	3.57E-06	1.49E+13
269	834	3.23E-06	1.35E+13
270	836	1.88E-06	7.91E+12
271	839	3.07E-06	1.30E+13
272	840	4.43E-06	1.87E+13
273	842	1.06E-05	4.49E+13
274	845	6.16E-06	2.62E+13
275	846	2.10E-06	8.94E+12
276	848	8.61E-06	3.67E+13
277	851	1.08E-05	4.64E+13
278	852	6.16E-06	2.64E+13
279	854	7.64E-06	3.28E+13
280	857	1.30E-05	5.59E+13
281	858	6.89E-06	2.97E+13
282	860	1.14E-05	4.91E+13
283	863	1.26E-05	5.48E+13
284	864	1.19E-05	5.16E+13
285	866	1.42E-05	6.18E+13
286	869	1.63E-05	7.14E+13
287	870	1.40E-05	6.13E+13
288	872	2.18E-05	9.58E+13
289	875	2.11E-05	9.27E+13
290	876	3.13E-05	1.38E+14
291	878	2.06E-05	9.11E+13
292	881	2.43E-05	1.08E+14
293	882	2.70E-05	1.20E+14
294	884	2.95E-05	1.31E+14
295	887	2.83E-05	1.26E+14
296	888	2.50E-05	1.12E+14
297	890	2.36E-05	1.05E+14
298	893	2.98E-05	1.34E+14
299	894	2.81E-05	1.27E+14
300	896	2.46E-05	1.11E+14
301	899	2.65E-05	1.20E+14
