i	lambda [nm]	el [W/(cm2nm)]	Photonen [cm-2 nm^-1 s-1]
1	300	1.08E-06	1.63E+12
2	300.5	2.81E-06	4.25E+12
3	302	1.85E-06	2.81E+12
4	305	2.25E-06	3.45E+12
5	306	1.43E-06	2.21E+12
6	308	2.78E-06	4.30E+12
7	311	2.92E-06	4.57E+12
8	312	1.38E-06	2.16E+12
9	314	1.63E-06	2.58E+12
10	317	1.26E-06	2.01E+12
11	318	2.52E-06	4.03E+12
12	320	3.21E-06	5.16E+12
13	323	1.84E-06	2.99E+12
14	324	2.53E-06	4.13E+12
15	326	3.02E-06	4.94E+12
16	329	3.80E-06	6.28E+12
17	330	3.01E-06	4.99E+12
18	332	3.84E-06	6.41E+12
19	335	3.58E-06	6.03E+12
20	336	3.23E-06	5.45E+12
21	338	3.01E-06	5.12E+12
22	341	3.92E-06	6.71E+12
23	342	3.23E-06	5.55E+12
24	344	3.64E-06	6.30E+12
25	347	3.92E-06	6.84E+12
26	348	3.82E-06	6.68E+12
27	350	3.27E-06	5.75E+12
28	353	3.97E-06	7.05E+12
29	354	4.65E-06	8.28E+12
30	356	3.24E-06	5.80E+12
31	359	4.57E-06	8.25E+12
32	360	4.13E-06	7.48E+12
33	362	3.86E-06	7.02E+12
34	365	5.67E-06	1.04E+13
35	366	4.71E-06	8.66E+12
36	368	4.45E-06	8.23E+12
37	371	5.64E-06	1.05E+13
38	372	5.79E-06	1.08E+13
39	374	5.21E-06	9.80E+12
40	377	5.76E-06	1.09E+13
41	378	5.55E-06	1.05E+13
42	380	6.58E-06	1.26E+13
43	383	7.12E-06	1.37E+13
44	384	6.83E-06	1.32E+13
45	386	7.40E-06	1.44E+13
46	389	8.56E-06	1.67E+13
47	390	9.18E-06	1.80E+13
48	392	1.13E-05	2.23E+13
49	395	1.16E-05	2.29E+13
50	396	1.21E-05	2.42E+13
51	398	1.33E-05	2.65E+13
52	401	1.92E-05	3.86E+13
53	402	2.12E-05	4.29E+13
54	404	2.56E-05	5.20E+13
55	407	3.97E-05	8.13E+13
56	408	4.60E-05	9.43E+13
57	410	6.19E-05	1.28E+14
58	413	9.83E-05	2.04E+14
59	414	1.14E-04	2.38E+14
60	416	1.57E-04	3.28E+14
61	419	2.48E-04	5.23E+14
62	420	2.88E-04	6.08E+14
63	422	3.81E-04	8.08E+14
64	425	5.58E-04	1.19E+15
65	426	6.24E-04	1.34E+15
66	428	7.71E-04	1.66E+15
67	431	1.01E-03	2.19E+15
68	432	1.09E-03	2.36E+15
69	434	1.26E-03	2.76E+15
70	437	1.55E-03	3.41E+15
71	438	1.65E-03	3.63E+15
72	440	1.81E-03	4.00E+15
73	443	1.94E-03	4.33E+15
74	444	1.95E-03	4.34E+15
75	446	1.89E-03	4.25E+15
76	449	1.64E-03	3.69E+15
77	450	1.52E-03	3.44E+15
78	452	1.29E-03	2.93E+15
79	455	9.76E-04	2.23E+15
80	456	8.89E-04	2.04E+15
81	458	7.47E-04	1.72E+15
82	461	5.86E-04	1.36E+15
83	462	5.45E-04	1.27E+15
84	464	4.73E-04	1.10E+15
85	467	3.85E-04	9.04E+14
86	468	3.60E-04	8.48E+14
87	470	3.13E-04	7.40E+14
88	473	2.65E-04	6.31E+14
89	474	2.55E-04	6.08E+14
90	476	2.35E-04	5.62E+14
91	479	2.15E-04	5.17E+14
92	480	2.10E-04	5.07E+14
93	482	2.02E-04	4.90E+14
94	485	1.99E-04	4.85E+14
95	486	2.00E-04	4.88E+14
96	488	2.06E-04	5.05E+14
97	491	2.26E-04	5.58E+14
98	492	2.35E-04	5.81E+14
99	494	2.60E-04	6.46E+14
100	497	3.03E-04	7.57E+14
101	498	3.21E-04	8.03E+14
102	500	3.57E-04	8.96E+14
103	503	4.20E-04	1.06E+15
104	504	4.43E-04	1.12E+15
105	506	4.91E-04	1.25E+15
106	509	5.62E-04	1.44E+15
107	510	5.86E-04	1.50E+15
108	512	6.33E-04	1.63E+15
109	515	7.05E-04	1.83E+15
110	516	7.27E-04	1.89E+15
111	518	7.71E-04	2.01E+15
112	521	8.28E-04	2.17E+15
113	522	8.48E-04	2.23E+15
114	524	8.82E-04	2.32E+15
115	527	9.29E-04	2.46E+15
116	528	9.42E-04	2.50E+15
117	530	9.65E-04	2.57E+15
118	533	9.97E-04	2.67E+15
119	534	1.01E-03	2.71E+15
120	536	1.03E-03	2.77E+15
121	539	1.05E-03	2.84E+15
122	540	1.05E-03	2.86E+15
123	542	1.06E-03	2.90E+15
124	545	1.08E-03	2.96E+15
125	546	1.08E-03	2.97E+15
126	548	1.09E-03	3.00E+15
127	551	1.10E-03	3.05E+15
128	552	1.10E-03	3.06E+15
129	554	1.11E-03	3.09E+15
130	557	1.11E-03	3.12E+15
131	558	1.11E-03	3.12E+15
132	560	1.11E-03	3.14E+15
133	563	1.11E-03	3.15E+15
134	564	1.11E-03	3.14E+15
135	566	1.10E-03	3.13E+15
136	569	1.10E-03	3.14E+15
137	570	1.09E-03	3.13E+15
138	572	1.08E-03	3.11E+15
139	575	1.07E-03	3.10E+15
140	576	1.07E-03	3.09E+15
141	578	1.06E-03	3.07E+15
142	581	1.04E-03	3.03E+15
143	582	1.03E-03	3.02E+15
144	584	1.02E-03	2.98E+15
145	587	9.92E-04	2.93E+15
146	588	9.80E-04	2.90E+15
147	590	9.64E-04	2.86E+15
148	593	9.39E-04	2.80E+15
149	594	9.29E-04	2.77E+15
150	596	9.04E-04	2.71E+15
151	599	8.76E-04	2.64E+15
152	600	8.66E-04	2.61E+15
153	602	8.43E-04	2.55E+15
154	605	8.07E-04	2.45E+15
155	606	7.95E-04	2.42E+15
156	608	7.72E-04	2.36E+15
157	611	7.40E-04	2.27E+15
158	612	7.26E-04	2.23E+15
159	614	7.01E-04	2.16E+15
160	617	6.67E-04	2.07E+15
161	618	6.53E-04	2.03E+15
162	620	6.30E-04	1.97E+15
163	623	5.98E-04	1.87E+15
164	624	5.87E-04	1.84E+15
165	626	5.65E-04	1.78E+15
166	629	5.33E-04	1.69E+15
167	630	5.23E-04	1.66E+15
168	632	5.02E-04	1.59E+15
169	635	4.74E-04	1.51E+15
170	636	4.61E-04	1.47E+15
171	638	4.44E-04	1.42E+15
172	641	4.16E-04	1.34E+15
173	642	4.07E-04	1.32E+15
174	644	3.89E-04	1.26E+15
175	647	3.62E-04	1.18E+15
176	648	3.55E-04	1.16E+15
177	650	3.40E-04	1.11E+15
178	653	3.16E-04	1.04E+15
179	654	3.09E-04	1.02E+15
180	656	2.95E-04	9.72E+14
181	659	2.73E-04	9.06E+14
182	660	2.67E-04	8.87E+14
183	662	2.53E-04	8.42E+14
184	665	2.33E-04	7.80E+14
185	666	2.28E-04	7.63E+14
186	668	2.17E-04	7.29E+14
187	671	2.01E-04	6.79E+14
188	672	1.94E-04	6.56E+14
189	674	1.87E-04	6.33E+14
190	677	1.73E-04	5.88E+14
191	678	1.69E-04	5.76E+14
192	680	1.61E-04	5.49E+14
193	683	1.48E-04	5.08E+14
194	684	1.44E-04	4.96E+14
195	686	1.38E-04	4.77E+14
196	689	1.27E-04	4.39E+14
197	690	1.23E-04	4.28E+14
198	692	1.17E-04	4.09E+14
199	695	1.10E-04	3.84E+14
200	696	1.08E-04	3.78E+14
201	698	1.01E-04	3.53E+14
202	701	9.27E-05	3.27E+14
203	702	8.96E-05	3.16E+14
204	704	8.61E-05	3.05E+14
205	707	7.95E-05	2.83E+14
206	708	7.77E-05	2.76E+14
207	710	7.50E-05	2.68E+14
208	713	6.96E-05	2.50E+14
209	714	6.56E-05	2.36E+14
210	716	6.37E-05	2.29E+14
211	719	5.82E-05	2.10E+14
212	720	5.68E-05	2.06E+14
213	722	5.38E-05	1.95E+14
214	725	4.99E-05	1.82E+14
215	726	4.91E-05	1.79E+14
216	728	4.70E-05	1.72E+14
217	731	4.29E-05	1.58E+14
218	732	4.10E-05	1.51E+14
219	734	3.91E-05	1.44E+14
220	737	3.82E-05	1.42E+14
221	738	3.54E-05	1.31E+14
222	740	3.48E-05	1.29E+14
223	743	3.30E-05	1.23E+14
224	744	3.07E-05	1.15E+14
225	746	3.01E-05	1.13E+14
226	749	2.75E-05	1.04E+14
227	750	2.81E-05	1.06E+14
228	752	2.39E-05	9.03E+13
229	755	2.45E-05	9.29E+13
230	756	2.29E-05	8.72E+13
231	758	2.17E-05	8.28E+13
232	761	2.06E-05	7.87E+13
233	762	1.95E-05	7.49E+13
234	764	1.86E-05	7.14E+13
235	767	1.62E-05	6.23E+13
236	768	1.79E-05	6.92E+13
237	770	1.75E-05	6.77E+13
238	773	1.50E-05	5.84E+13
239	774	1.48E-05	5.75E+13
240	776	1.43E-05	5.56E+13
241	779	1.36E-05	5.31E+13
242	780	1.50E-05	5.88E+13
243	782	1.55E-05	6.07E+13
244	785	1.20E-05	4.73E+13
245	786	1.18E-05	4.68E+13
246	788	9.29E-06	3.68E+13
247	791	1.07E-05	4.24E+13
248	792	9.68E-06	3.85E+13
249	794	1.20E-05	4.78E+13
250	797	1.31E-05	5.25E+13
251	798	1.35E-05	5.41E+13
252	800	8.61E-06	3.46E+13
253	803	7.21E-06	2.91E+13
254	804	2.75E-06	1.11E+13
255	806	1.04E-05	4.22E+13
256	809	6.68E-06	2.72E+13
257	810	9.05E-06	3.69E+13
258	812	3.27E-06	1.33E+13
259	815	8.99E-06	3.68E+13
260	816	5.49E-06	2.25E+13
261	818	6.43E-06	2.64E+13
262	821	1.36E-05	5.60E+13
263	822	1.81E-06	7.46E+12
264	824	6.40E-06	2.65E+13
265	827	5.84E-06	2.43E+13
266	828	5.67E-06	2.36E+13
267	830	7.99E-06	3.33E+13
268	833	5.65E-06	2.37E+13
269	834	5.12E-06	2.15E+13
270	836	2.98E-06	1.25E+13
271	839	4.87E-06	2.05E+13
272	840	7.02E-06	2.97E+13
273	842	1.68E-05	7.11E+13
274	845	9.75E-06	4.14E+13
275	846	3.33E-06	1.42E+13
276	848	1.36E-05	5.82E+13
277	851	1.72E-05	7.35E+13
278	852	9.76E-06	4.18E+13
279	854	1.21E-05	5.20E+13
280	857	2.06E-05	8.86E+13
281	858	1.09E-05	4.71E+13
282	860	1.80E-05	7.77E+13
283	863	2.00E-05	8.68E+13
284	864	1.88E-05	8.18E+13
285	866	2.25E-05	9.80E+13
286	869	2.59E-05	1.13E+14
287	870	2.22E-05	9.71E+13
288	872	3.46E-05	1.52E+14
289	875	3.34E-05	1.47E+14
290	876	4.95E-05	2.18E+14
291	878	3.27E-05	1.44E+14
292	881	3.85E-05	1.71E+14
293	882	4.27E-05	1.89E+14
294	884	4.67E-05	2.08E+14
295	887	4.48E-05	2.00E+14
296	888	3.96E-05	1.77E+14
297	890	3.73E-05	1.67E+14
298	893	4.72E-05	2.12E+14
299	894	4.46E-05	2.00E+14
300	896	3.89E-05	1.75E+14
301	899	4.19E-05	1.90E+14
