i	lambda [nm]	el [W/(cm2nm)]	Photonen [cm-2 nm^-1 s-1]
1	300	5.39E-07	8.13E+11
2	300.5	1.41E-06	2.13E+12
3	302	9.24E-07	1.40E+12
4	305	1.13E-06	1.73E+12
5	306	7.17E-07	1.10E+12
6	308	1.39E-06	2.15E+12
7	311	1.46E-06	2.29E+12
8	312	6.90E-07	1.08E+12
9	314	8.17E-07	1.29E+12
10	317	6.30E-07	1.00E+12
11	318	1.26E-06	2.02E+12
12	320	1.60E-06	2.58E+12
13	323	9.19E-07	1.49E+12
14	324	1.27E-06	2.06E+12
15	326	1.51E-06	2.47E+12
16	329	1.90E-06	3.14E+12
17	330	1.50E-06	2.49E+12
18	332	1.92E-06	3.20E+12
19	335	1.79E-06	3.01E+12
20	336	1.61E-06	2.73E+12
21	338	1.51E-06	2.56E+12
22	341	1.96E-06	3.36E+12
23	342	1.61E-06	2.78E+12
24	344	1.82E-06	3.15E+12
25	347	1.96E-06	3.42E+12
26	348	1.91E-06	3.34E+12
27	350	1.63E-06	2.87E+12
28	353	1.99E-06	3.52E+12
29	354	2.33E-06	4.14E+12
30	356	1.62E-06	2.90E+12
31	359	2.28E-06	4.12E+12
32	360	2.07E-06	3.74E+12
33	362	1.93E-06	3.51E+12
34	365	2.84E-06	5.20E+12
35	366	2.35E-06	4.33E+12
36	368	2.22E-06	4.11E+12
37	371	2.82E-06	5.26E+12
38	372	2.90E-06	5.42E+12
39	374	2.61E-06	4.90E+12
40	377	2.88E-06	5.46E+12
41	378	2.77E-06	5.27E+12
42	380	3.29E-06	6.29E+12
43	383	3.56E-06	6.85E+12
44	384	3.41E-06	6.59E+12
45	386	3.70E-06	7.18E+12
46	389	4.28E-06	8.37E+12
47	390	4.59E-06	9.00E+12
48	392	5.65E-06	1.11E+13
49	395	5.78E-06	1.15E+13
50	396	6.07E-06	1.21E+13
51	398	6.63E-06	1.33E+13
52	401	9.58E-06	1.93E+13
53	402	1.06E-05	2.15E+13
54	404	1.28E-05	2.60E+13
55	407	1.99E-05	4.07E+13
56	408	2.30E-05	4.72E+13
57	410	3.09E-05	6.38E+13
58	413	4.92E-05	1.02E+14
59	414	5.72E-05	1.19E+14
60	416	7.83E-05	1.64E+14
61	419	1.24E-04	2.61E+14
62	420	1.44E-04	3.04E+14
63	422	1.90E-04	4.04E+14
64	425	2.79E-04	5.96E+14
65	426	3.12E-04	6.68E+14
66	428	3.86E-04	8.30E+14
67	431	5.05E-04	1.09E+15
68	432	5.44E-04	1.18E+15
69	434	6.32E-04	1.38E+15
70	437	7.76E-04	1.71E+15
71	438	8.25E-04	1.82E+15
72	440	9.04E-04	2.00E+15
73	443	9.71E-04	2.16E+15
74	444	9.73E-04	2.17E+15
75	446	9.47E-04	2.12E+15
76	449	8.18E-04	1.85E+15
77	450	7.61E-04	1.72E+15
78	452	6.46E-04	1.47E+15
79	455	4.88E-04	1.12E+15
80	456	4.44E-04	1.02E+15
81	458	3.74E-04	8.61E+14
82	461	2.93E-04	6.80E+14
83	462	2.72E-04	6.33E+14
84	464	2.36E-04	5.51E+14
85	467	1.92E-04	4.52E+14
86	468	1.80E-04	4.24E+14
87	470	1.57E-04	3.70E+14
88	473	1.33E-04	3.15E+14
89	474	1.28E-04	3.04E+14
90	476	1.17E-04	2.81E+14
91	479	1.07E-04	2.58E+14
92	480	1.05E-04	2.54E+14
93	482	1.01E-04	2.45E+14
94	485	9.95E-05	2.43E+14
95	486	9.99E-05	2.44E+14
96	488	1.03E-04	2.53E+14
97	491	1.13E-04	2.79E+14
98	492	1.18E-04	2.91E+14
99	494	1.30E-04	3.23E+14
100	497	1.52E-04	3.79E+14
101	498	1.60E-04	4.02E+14
102	500	1.78E-04	4.48E+14
103	503	2.10E-04	5.31E+14
104	504	2.22E-04	5.61E+14
105	506	2.45E-04	6.24E+14
106	509	2.81E-04	7.19E+14
107	510	2.93E-04	7.52E+14
108	512	3.17E-04	8.15E+14
109	515	3.53E-04	9.13E+14
110	516	3.64E-04	9.43E+14
111	518	3.86E-04	1.00E+15
112	521	4.14E-04	1.08E+15
113	522	4.24E-04	1.11E+15
114	524	4.41E-04	1.16E+15
115	527	4.65E-04	1.23E+15
116	528	4.71E-04	1.25E+15
117	530	4.82E-04	1.29E+15
118	533	4.99E-04	1.34E+15
119	534	5.04E-04	1.35E+15
120	536	5.13E-04	1.38E+15
121	539	5.24E-04	1.42E+15
122	540	5.27E-04	1.43E+15
123	542	5.31E-04	1.45E+15
124	545	5.40E-04	1.48E+15
125	546	5.42E-04	1.49E+15
126	548	5.45E-04	1.50E+15
127	551	5.51E-04	1.53E+15
128	552	5.51E-04	1.53E+15
129	554	5.54E-04	1.54E+15
130	557	5.57E-04	1.56E+15
131	558	5.57E-04	1.56E+15
132	560	5.57E-04	1.57E+15
133	563	5.56E-04	1.57E+15
134	564	5.54E-04	1.57E+15
135	566	5.51E-04	1.57E+15
136	569	5.49E-04	1.57E+15
137	570	5.46E-04	1.57E+15
138	572	5.41E-04	1.56E+15
139	575	5.35E-04	1.55E+15
140	576	5.33E-04	1.54E+15
141	578	5.28E-04	1.53E+15
142	581	5.18E-04	1.51E+15
143	582	5.16E-04	1.51E+15
144	584	5.08E-04	1.49E+15
145	587	4.96E-04	1.46E+15
146	588	4.90E-04	1.45E+15
147	590	4.82E-04	1.43E+15
148	593	4.69E-04	1.40E+15
149	594	4.64E-04	1.39E+15
150	596	4.52E-04	1.35E+15
151	599	4.38E-04	1.32E+15
152	600	4.33E-04	1.31E+15
153	602	4.21E-04	1.28E+15
154	605	4.03E-04	1.23E+15
155	606	3.98E-04	1.21E+15
156	608	3.86E-04	1.18E+15
157	611	3.70E-04	1.14E+15
158	612	3.63E-04	1.12E+15
159	614	3.50E-04	1.08E+15
160	617	3.33E-04	1.03E+15
161	618	3.26E-04	1.01E+15
162	620	3.15E-04	9.83E+14
163	623	2.99E-04	9.36E+14
164	624	2.93E-04	9.20E+14
165	626	2.83E-04	8.89E+14
166	629	2.66E-04	8.43E+14
167	630	2.62E-04	8.28E+14
168	632	2.51E-04	7.97E+14
169	635	2.37E-04	7.57E+14
170	636	2.31E-04	7.37E+14
171	638	2.22E-04	7.12E+14
172	641	2.08E-04	6.70E+14
173	642	2.04E-04	6.58E+14
174	644	1.94E-04	6.29E+14
175	647	1.81E-04	5.89E+14
176	648	1.77E-04	5.78E+14
177	650	1.70E-04	5.55E+14
178	653	1.58E-04	5.18E+14
179	654	1.55E-04	5.08E+14
180	656	1.47E-04	4.86E+14
181	659	1.37E-04	4.53E+14
182	660	1.34E-04	4.44E+14
183	662	1.26E-04	4.21E+14
184	665	1.17E-04	3.90E+14
185	666	1.14E-04	3.82E+14
186	668	1.08E-04	3.64E+14
187	671	1.01E-04	3.40E+14
188	672	9.71E-05	3.28E+14
189	674	9.35E-05	3.17E+14
190	677	8.64E-05	2.94E+14
191	678	8.45E-05	2.88E+14
192	680	8.03E-05	2.75E+14
193	683	7.40E-05	2.54E+14
194	684	7.21E-05	2.48E+14
195	686	6.91E-05	2.38E+14
196	689	6.33E-05	2.19E+14
197	690	6.17E-05	2.14E+14
198	692	5.87E-05	2.04E+14
199	695	5.50E-05	1.92E+14
200	696	5.40E-05	1.89E+14
201	698	5.03E-05	1.77E+14
202	701	4.63E-05	1.63E+14
203	702	4.48E-05	1.58E+14
204	704	4.30E-05	1.52E+14
205	707	3.97E-05	1.41E+14
206	708	3.88E-05	1.38E+14
207	710	3.75E-05	1.34E+14
208	713	3.48E-05	1.25E+14
209	714	3.28E-05	1.18E+14
210	716	3.18E-05	1.15E+14
211	719	2.91E-05	1.05E+14
212	720	2.84E-05	1.03E+14
213	722	2.69E-05	9.77E+13
214	725	2.50E-05	9.10E+13
215	726	2.45E-05	8.95E+13
216	728	2.35E-05	8.60E+13
217	731	2.15E-05	7.89E+13
218	732	2.05E-05	7.54E+13
219	734	1.95E-05	7.21E+13
220	737	1.91E-05	7.08E+13
221	738	1.77E-05	6.56E+13
222	740	1.74E-05	6.47E+13
223	743	1.65E-05	6.17E+13
224	744	1.53E-05	5.74E+13
225	746	1.51E-05	5.65E+13
226	749	1.37E-05	5.18E+13
227	750	1.40E-05	5.29E+13
228	752	1.19E-05	4.52E+13
229	755	1.22E-05	4.64E+13
230	756	1.15E-05	4.36E+13
231	758	1.09E-05	4.14E+13
232	761	1.03E-05	3.94E+13
233	762	9.77E-06	3.74E+13
234	764	9.30E-06	3.57E+13
235	767	8.08E-06	3.12E+13
236	768	8.96E-06	3.46E+13
237	770	8.74E-06	3.38E+13
238	773	7.51E-06	2.92E+13
239	774	7.39E-06	2.87E+13
240	776	7.13E-06	2.78E+13
241	779	6.78E-06	2.66E+13
242	780	7.50E-06	2.94E+13
243	782	7.73E-06	3.04E+13
244	785	5.99E-06	2.36E+13
245	786	5.92E-06	2.34E+13
246	788	4.64E-06	1.84E+13
247	791	5.33E-06	2.12E+13
248	792	4.84E-06	1.93E+13
249	794	5.99E-06	2.39E+13
250	797	6.55E-06	2.63E+13
251	798	6.74E-06	2.71E+13
252	800	4.31E-06	1.73E+13
253	803	3.60E-06	1.46E+13
254	804	1.38E-06	5.56E+12
255	806	5.20E-06	2.11E+13
256	809	3.34E-06	1.36E+13
257	810	4.53E-06	1.84E+13
258	812	1.63E-06	6.67E+12
259	815	4.49E-06	1.84E+13
260	816	2.74E-06	1.13E+13
261	818	3.21E-06	1.32E+13
262	821	6.79E-06	2.80E+13
263	822	9.03E-07	3.73E+12
264	824	3.20E-06	1.33E+13
265	827	2.92E-06	1.21E+13
266	828	2.84E-06	1.18E+13
267	830	3.99E-06	1.67E+13
268	833	2.83E-06	1.18E+13
269	834	2.56E-06	1.07E+13
270	836	1.49E-06	6.27E+12
271	839	2.43E-06	1.03E+13
272	840	3.51E-06	1.48E+13
273	842	8.40E-06	3.55E+13
274	845	4.88E-06	2.07E+13
275	846	1.67E-06	7.08E+12
276	848	6.82E-06	2.91E+13
277	851	8.59E-06	3.68E+13
278	852	4.88E-06	2.09E+13
279	854	6.05E-06	2.60E+13
280	857	1.03E-05	4.43E+13
281	858	5.46E-06	2.36E+13
282	860	8.99E-06	3.89E+13
283	863	1.00E-05	4.34E+13
284	864	9.41E-06	4.09E+13
285	866	1.13E-05	4.90E+13
286	869	1.29E-05	5.66E+13
287	870	1.11E-05	4.85E+13
288	872	1.73E-05	7.59E+13
289	875	1.67E-05	7.34E+13
290	876	2.48E-05	1.09E+14
291	878	1.63E-05	7.22E+13
292	881	1.93E-05	8.54E+13
293	882	2.14E-05	9.47E+13
294	884	2.34E-05	1.04E+14
295	887	2.24E-05	1.00E+14
296	888	1.98E-05	8.84E+13
297	890	1.87E-05	8.36E+13
298	893	2.36E-05	1.06E+14
299	894	2.23E-05	1.00E+14
300	896	1.95E-05	8.76E+13
301	899	2.10E-05	9.48E+13
