i lambda [nm]            el [W/(cm2nm)]         Photonen [cm-2 nm^-1 s-1]
1 3.00000000000000E+0002 7.50000000000000E-0007 1.13282138860826E+0012
2 3.10000000000000E+0002 4.23000000000000E-0006 6.60208305280894E+0012
3 3.20000000000000E+0002 1.81000000000000E-0005 2.91613399236402E+0013
4 3.30000000000000E+0002 3.95300000000000E-0005 6.56779632544706E+0013
5 3.40000000000000E+0002 4.35300000000000E-0005 7.45154805141332E+0013
6 3.50000000000000E+0002 4.83700000000000E-0005 8.52359986597490E+0013
7 3.60000000000000E+0002 5.20300000000000E-0005 9.43051149588604E+0013
8 3.70000000000000E+0002 6.66200000000000E-0005 1.24103855717157E+0014
9 3.80000000000000E+0002 7.12500000000000E-0005 1.36316173762527E+0014
10 3.90000000000000E+0002 7.20700000000000E-0005 1.41513558293462E+0014
11 4.00000000000000E+0002 1.01310000000000E-0004 2.04028684230938E+0014
12 4.10000000000000E+0002 1.15820000000000E-0004 2.39081702327687E+0014
13 4.20000000000000E+0002 1.18400000000000E-0004 2.50368631167607E+0014
14 4.30000000000000E+0002 1.07190000000000E-0004 2.32060727099179E+0014
15 4.40000000000000E+0002 1.30200000000000E-0004 2.88431429824844E+0014
16 4.50000000000000E+0002 1.52600000000000E-0004 3.45737087803241E+0014
17 4.60000000000000E+0002 1.59960000000000E-0004 3.70465823502300E+0014
18 4.70000000000000E+0002 1.58100000000000E-0004 3.74118039659173E+0014
19 4.80000000000000E+0002 1.62830000000000E-0004 3.93508920975110E+0014
20 4.90000000000000E+0002 1.53920000000000E-0004 3.79725757270870E+0014
21 5.00000000000000E+0002 1.54870000000000E-0004 3.89866774341691E+0014
22 5.10000000000000E+0002 1.58650000000000E-0004 4.07370123486121E+0014
23 5.20000000000000E+0002 1.48490000000000E-0004 3.88758119809373E+0014
24 5.30000000000000E+0002 1.57240000000000E-0004 4.19582945007663E+0014
25 5.40000000000000E+0002 1.55070000000000E-0004 4.21599870555559E+0014
26 5.50000000000000E+0002 1.56150000000000E-0004 4.32397924031773E+0014
27 5.60000000000000E+0002 1.53000000000000E-0004 4.31378384782025E+0014
28 5.70000000000000E+0002 1.50150000000000E-0004 4.30902599798810E+0014
29 5.80000000000000E+0002 1.44000000000000E-0004 4.20503299451386E+0014
30 5.90000000000000E+0002 1.39550000000000E-0004 4.14534589423852E+0014
31 6.00000000000000E+0002 1.44000000000000E-0004 4.35003413225572E+0014
32 6.10000000000000E+0002 1.48530000000000E-0004 4.56166027193292E+0014
33 6.20000000000000E+0002 1.46000000000000E-0004 4.55746631541421E+0014
34 6.30000000000000E+0002 1.43410000000000E-0004 4.54882162952869E+0014
35 6.40000000000000E+0002 1.42400000000000E-0004 4.58848044765344E+0014
36 6.50000000000000E+0002 1.41990000000000E-0004 4.64675781464517E+0014
37 6.60000000000000E+0002 1.40000000000000E-0004 4.65211983588459E+0014
38 6.70000000000000E+0002 1.39230000000000E-0004 4.69663216431430E+0014
39 6.80000000000000E+0002 1.27000000000000E-0004 4.10836556935262E+0014
40 6.90000000000000E+0002 1.13000000000000E-0004 3.92560371865716E+0014
41 7.00000000000000E+0002 1.20000000000000E-0004 4.22919985080417E+0014
42 7.10000000000000E+0002 1.31670000000000E-0004 4.70678224395623E+0014
43 7.20000000000000E+0002 1.01020000000000E-0004 3.66236623651496E+0014
44 7.30000000000000E+0002 1.09120000000000E-0004 3.83415230664524E+0014
45 7.40000000000000E+0002 1.21120000000000E-0004 4.51259651890187E+0014
46 7.50000000000000E+0002 1.19390000000000E-0004 4.50825151953134E+0014
47 7.60000000000000E+0002 6.43550000000000E-0005 2.46249189122454E+0014
48 7.70000000000000E+0002 1.04870000000000E-0004 3.99578326237187E+0014
49 7.80000000000000E+0002 1.13110000000000E-0004 4.44195881186998E+0014
50 7.90000000000000E+0002 1.10000000000000E-0004 4.37520794089146E+0014
51 8.00000000000000E+0002 1.08160000000000E-0004 4.35647862726647E+0014
52 8.10000000000000E+0002 8.49200000000000E-0005 3.46317092354208E+0014
53 8.20000000000000E+0002 7.85000000000000E-0005 3.24087612376505E+0014
54 8.30000000000000E+0002 9.16400000000000E-0005 3.82950018680936E+0014
55 8.40000000000000E+0002 9.59900000000000E-0005 4.05960893678692E+0014
56 8.50000000000000E+0002 9.60000000000000E-0005 4.10836556935262E+0014
57 8.60000000000000E+0002 9.78900000000000E-0005 4.23853429904630E+0014
58 8.70000000000000E+0002 9.60000000000000E-0005 4.20503299451386E+0014
59 8.80000000000000E+0002 9.33200000000000E-0005 4.13462688652142E+0014
60 8.90000000000000E+0002 8.30000000000000E-0005 3.71917848784409E+0014
61 9.00000000000000E+0002 7.48500000000000E-0005 3.39166723749313E+0014
62 9.10000000000000E+0002 6.67500000000000E-0005 3.05824014211276E+0014
63 9.20000000000000E+0002 6.90300000000000E-0005 3.19745633863013E+0014
64 9.30000000000000E+0002 4.03600000000000E-0005 1.88978774476148E+0014
65 9.40000000000000E+0002 2.58300000000000E-0005 1.22245021687495E+0014
66 9.50000000000000E+0002 3.13600000000000E-0005 1.49995621375188E+0014
67 9.60000000000000E+0002 5.26800000000000E-0005 2.54621997874701E+0014
68 9.70000000000000E+0002 6.00000000000000E-0005 2.93023132520003E+0014
69 9.80000000000000E+0002 6.46400000000000E-0005 3.18938058081978E+0014
70 9.90000000000000E+0002 7.46800000000000E-0005 3.72236045725565E+0014
71 1.00000000000000E+0003 7.28500000000000E-0005 3.47650297259557E+0014
72 1.01000000000000E+0003 7.30000000000000E-0005 3.71212982142609E+0014
73 1.02000000000000E+0003 7.30000000000000E-0005 3.74888358203427E+0014
74 1.03000000000000E+0003 7.00000000000000E-0005 3.63006320527358E+0014
75 1.04000000000000E+0003 6.90000000000000E-0005 3.61294501540128E+0014
76 1.05000000000000E+0003 6.70000000000000E-0005 3.43622487877839E+0014
77 1.06000000000000E+0003 6.60000000000000E-0005 3.52231930431261E+0014
78 1.07000000000000E+0003 6.50000000000000E-0005 3.50167678123131E+0014
79 1.08000000000000E+0003 5.00000000000000E-0005 2.71877133265982E+0014
80 1.09000000000000E+0003 4.70000000000000E-0005 2.57930843281783E+0014
81 1.10000000000000E+0003 4.16600000000000E-0005 2.69490656207314E+0014
82 1.11000000000000E+0003 2.50000000000000E-0005 1.39714637928352E+0014
83 1.12000000000000E+0003 1.00000000000000E-0005 5.63893313440556E+0013
84 1.13000000000000E+0003 1.19000000000000E-0005 6.71335128697890E+0013
85 1.14000000000000E+0003 1.30000000000000E-0005 7.46151687963307E+0013
86 1.15000000000000E+0003 2.60000000000000E-0005 1.50539375641720E+0014
87 1.16000000000000E+0003 3.60000000000000E-0005 2.10251649725693E+0014
88 1.17000000000000E+0003 3.70000000000000E-0005 2.17954835168229E+0014
89 1.18000000000000E+0003 4.70000000000000E-0005 2.79227885387618E+0014
90 1.19000000000000E+0003 4.40000000000000E-0005 2.63620124033460E+0014
91 1.20000000000000E+0003 4.10000000000000E-0005 2.47710276975673E+0014