i lambda [nm]            el [W/(cm2nm)]         Photonen [cm-2 nm^-1 s-1]
1 3.00000000000000E+0002 7.50000000000000E-0007 1.13282138860826E+0012
2 3.05000000000000E+0002 2.49000000000000E-0006 3.86745222070860E+0012
3 3.10000000000000E+0002 4.23000000000000E-0006 6.60208305280894E+0012
4 3.15000000000000E+0002 1.11650000000000E-0005 1.78817114882246E+0013
5 3.20000000000000E+0002 1.81000000000000E-0005 2.91613399236402E+0013
6 3.25000000000000E+0002 2.88150000000000E-0005 4.74196515890554E+0013
7 3.30000000000000E+0002 3.95300000000000E-0005 6.56779632544706E+0013
8 3.35000000000000E+0002 4.15300000000000E-0005 7.00967218843019E+0013
9 3.40000000000000E+0002 4.35300000000000E-0005 7.45154805141332E+0013
10 3.45000000000000E+0002 4.59500000000000E-0005 7.98757395869411E+0013
11 3.50000000000000E+0002 4.83700000000000E-0005 8.52359986597490E+0013
12 3.55000000000000E+0002 5.02000000000000E-0005 8.97705568093047E+0013
13 3.60000000000000E+0002 5.20300000000000E-0005 9.43051149588604E+0013
14 3.65000000000000E+0002 5.93250000000000E-0005 1.09204485338008E+0014
15 3.70000000000000E+0002 6.66200000000000E-0005 1.24103855717157E+0014
16 3.75000000000000E+0002 6.89350000000000E-0005 1.30210014739842E+0014
17 3.80000000000000E+0002 7.12500000000000E-0005 1.36316173762527E+0014
18 3.85000000000000E+0002 7.16600000000000E-0005 1.38914866027994E+0014
19 3.90000000000000E+0002 7.20700000000000E-0005 1.41513558293462E+0014
20 3.95000000000000E+0002 8.66900000000000E-0005 1.72771121262200E+0014
21 4.00000000000000E+0002 1.01310000000000E-0004 2.04028684230938E+0014
22 4.05000000000000E+0002 1.08565000000000E-0004 2.21555193279313E+0014
23 4.10000000000000E+0002 1.15820000000000E-0004 2.39081702327687E+0014
24 4.15000000000000E+0002 1.17110000000000E-0004 2.44725166747647E+0014
25 4.20000000000000E+0002 1.18400000000000E-0004 2.50368631167607E+0014
26 4.25000000000000E+0002 1.12795000000000E-0004 2.41214679133393E+0014
27 4.30000000000000E+0002 1.07190000000000E-0004 2.32060727099179E+0014
28 4.35000000000000E+0002 1.18695000000000E-0004 2.60246078462012E+0014
29 4.40000000000000E+0002 1.30200000000000E-0004 2.88431429824844E+0014
30 4.45000000000000E+0002 1.41400000000000E-0004 3.17084258814043E+0014
31 4.50000000000000E+0002 1.52600000000000E-0004 3.45737087803241E+0014
32 4.55000000000000E+0002 1.56280000000000E-0004 3.58101455652771E+0014
33 4.60000000000000E+0002 1.59960000000000E-0004 3.70465823502300E+0014
34 4.65000000000000E+0002 1.59030000000000E-0004 3.72291931580737E+0014
35 4.70000000000000E+0002 1.58100000000000E-0004 3.74118039659173E+0014
36 4.75000000000000E+0002 1.60465000000000E-0004 3.83813480317142E+0014
37 4.80000000000000E+0002 1.62830000000000E-0004 3.93508920975110E+0014
38 4.85000000000000E+0002 1.58375000000000E-0004 3.86617339122990E+0014
39 4.90000000000000E+0002 1.53920000000000E-0004 3.79725757270870E+0014
40 4.95000000000000E+0002 1.54395000000000E-0004 3.84796265806281E+0014
41 5.00000000000000E+0002 1.54870000000000E-0004 3.89866774341691E+0014
42 5.05000000000000E+0002 1.56760000000000E-0004 3.98618448913906E+0014
43 5.10000000000000E+0002 1.58650000000000E-0004 4.07370123486121E+0014
44 5.15000000000000E+0002 1.53570000000000E-0004 3.98064121647747E+0014
45 5.20000000000000E+0002 1.48490000000000E-0004 3.88758119809373E+0014
46 5.25000000000000E+0002 1.52865000000000E-0004 4.04170532408518E+0014
47 5.30000000000000E+0002 1.57240000000000E-0004 4.19582945007663E+0014
48 5.35000000000000E+0002 1.56155000000000E-0004 4.20591407781611E+0014
49 5.40000000000000E+0002 1.55070000000000E-0004 4.21599870555559E+0014
50 5.45000000000000E+0002 1.55610000000000E-0004 4.26998897293666E+0014
51 5.50000000000000E+0002 1.56150000000000E-0004 4.32397924031773E+0014
52 5.55000000000000E+0002 1.54575000000000E-0004 4.31888154406899E+0014
53 5.60000000000000E+0002 1.53000000000000E-0004 4.31378384782025E+0014
54 5.65000000000000E+0002 1.51575000000000E-0004 4.31140492290418E+0014
55 5.70000000000000E+0002 1.50150000000000E-0004 4.30902599798810E+0014
56 5.75000000000000E+0002 1.47075000000000E-0004 4.25702949625098E+0014
57 5.80000000000000E+0002 1.44000000000000E-0004 4.20503299451386E+0014
58 5.85000000000000E+0002 1.41775000000000E-0004 4.17518944437619E+0014
59 5.90000000000000E+0002 1.39550000000000E-0004 4.14534589423852E+0014
60 5.95000000000000E+0002 1.41775000000000E-0004 4.24769001324712E+0014
61 6.00000000000000E+0002 1.44000000000000E-0004 4.35003413225572E+0014
62 6.05000000000000E+0002 1.46265000000000E-0004 4.45584720209432E+0014
63 6.10000000000000E+0002 1.48530000000000E-0004 4.56166027193292E+0014
64 6.15000000000000E+0002 1.47265000000000E-0004 4.55956329367357E+0014
65 6.20000000000000E+0002 1.46000000000000E-0004 4.55746631541421E+0014
66 6.25000000000000E+0002 1.44705000000000E-0004 4.55314397247145E+0014
67 6.30000000000000E+0002 1.43410000000000E-0004 4.54882162952869E+0014
68 6.35000000000000E+0002 1.42905000000000E-0004 4.56865103859107E+0014
69 6.40000000000000E+0002 1.42400000000000E-0004 4.58848044765344E+0014
70 6.45000000000000E+0002 1.42195000000000E-0004 4.61761913114931E+0014
71 6.50000000000000E+0002 1.41990000000000E-0004 4.64675781464517E+0014
72 6.55000000000000E+0002 1.40995000000000E-0004 4.64943882526488E+0014
73 6.60000000000000E+0002 1.40000000000000E-0004 4.65211983588459E+0014
74 6.65000000000000E+0002 1.39615000000000E-0004 4.67437600009945E+0014
75 6.70000000000000E+0002 1.39230000000000E-0004 4.69663216431430E+0014
76 6.75000000000000E+0002 1.33115000000000E-0004 4.40249886683346E+0014
77 6.80000000000000E+0002 1.27000000000000E-0004 4.10836556935262E+0014
78 6.85000000000000E+0002 1.20000000000000E-0004 4.01698464400489E+0014
79 6.90000000000000E+0002 1.13000000000000E-0004 3.92560371865716E+0014
80 6.95000000000000E+0002 1.16500000000000E-0004 4.07740178473067E+0014
81 7.00000000000000E+0002 1.20000000000000E-0004 4.22919985080417E+0014
82 7.05000000000000E+0002 1.25835000000000E-0004 4.46799104738020E+0014
83 7.10000000000000E+0002 1.31670000000000E-0004 4.70678224395623E+0014
84 7.15000000000000E+0002 1.16345000000000E-0004 4.18457424023560E+0014
85 7.20000000000000E+0002 1.01020000000000E-0004 3.66236623651496E+0014
86 7.25000000000000E+0002 1.05070000000000E-0004 3.74825927158010E+0014
87 7.30000000000000E+0002 1.09120000000000E-0004 3.83415230664524E+0014
88 7.35000000000000E+0002 1.15120000000000E-0004 4.17337441277356E+0014
89 7.40000000000000E+0002 1.21120000000000E-0004 4.51259651890187E+0014
90 7.45000000000000E+0002 1.20255000000000E-0004 4.51042401921661E+0014
91 7.50000000000000E+0002 1.19390000000000E-0004 4.50825151953134E+0014
92 7.55000000000000E+0002 9.18725000000000E-0005 3.48537170537794E+0014
93 7.60000000000000E+0002 6.43550000000000E-0005 2.46249189122454E+0014
94 7.65000000000000E+0002 8.46125000000000E-0005 3.22913757679821E+0014
95 7.70000000000000E+0002 1.04870000000000E-0004 3.99578326237187E+0014
96 7.75000000000000E+0002 1.08990000000000E-0004 4.21887103712093E+0014
97 7.80000000000000E+0002 1.13110000000000E-0004 4.44195881186998E+0014
98 7.85000000000000E+0002 1.11555000000000E-0004 4.40858337638072E+0014
99 7.90000000000000E+0002 1.10000000000000E-0004 4.37520794089146E+0014
100 7.95000000000000E+0002 1.09080000000000E-0004 4.36584328407897E+0014
101 8.00000000000000E+0002 1.08160000000000E-0004 4.35647862726647E+0014
102 8.05000000000000E+0002 9.65400000000000E-0005 3.90982477540428E+0014
103 8.10000000000000E+0002 8.49200000000000E-0005 3.46317092354208E+0014
104 8.15000000000000E+0002 8.17100000000000E-0005 3.35202352365357E+0014
105 8.20000000000000E+0002 7.85000000000000E-0005 3.24087612376505E+0014
106 8.25000000000000E+0002 8.50700000000000E-0005 3.53518815528721E+0014
107 8.30000000000000E+0002 9.16400000000000E-0005 3.82950018680936E+0014
108 8.35000000000000E+0002 9.38150000000000E-0005 3.94455456179814E+0014
109 8.40000000000000E+0002 9.59900000000000E-0005 4.05960893678692E+0014
110 8.45000000000000E+0002 9.59950000000000E-0005 4.08398725306977E+0014
111 8.50000000000000E+0002 9.60000000000000E-0005 4.10836556935262E+0014
112 8.55000000000000E+0002 9.69450000000000E-0005 4.17344993419946E+0014
113 8.60000000000000E+0002 9.78900000000000E-0005 4.23853429904630E+0014
114 8.65000000000000E+0002 9.69450000000000E-0005 4.22178364678008E+0014
115 8.70000000000000E+0002 9.60000000000000E-0005 4.20503299451386E+0014
116 8.75000000000000E+0002 9.46600000000000E-0005 4.16982994051764E+0014
117 8.80000000000000E+0002 9.33200000000000E-0005 4.13462688652142E+0014
118 8.85000000000000E+0002 8.81600000000000E-0005 3.92690268718276E+0014
119 8.90000000000000E+0002 8.30000000000000E-0005 3.71917848784409E+0014
120 8.95000000000000E+0002 7.89250000000000E-0005 3.55542286266861E+0014
121 9.00000000000000E+0002 7.48500000000000E-0005 3.39166723749313E+0014
122 9.05000000000000E+0002 7.08000000000000E-0005 3.22495368980295E+0014
123 9.10000000000000E+0002 6.67500000000000E-0005 3.05824014211276E+0014
124 9.15000000000000E+0002 6.78900000000000E-0005 3.12784824037145E+0014
125 9.20000000000000E+0002 6.90300000000000E-0005 3.19745633863013E+0014
126 9.25000000000000E+0002 5.46950000000000E-0005 2.54362204169581E+0014
127 9.30000000000000E+0002 4.03600000000000E-0005 1.88978774476148E+0014
128 9.35000000000000E+0002 3.30950000000000E-0005 1.55611898081822E+0014
129 9.40000000000000E+0002 2.58300000000000E-0005 1.22245021687495E+0014
130 9.45000000000000E+0002 2.85950000000000E-0005 1.36120321531341E+0014
131 9.50000000000000E+0002 3.13600000000000E-0005 1.49995621375188E+0014
132 9.55000000000000E+0002 4.20200000000000E-0005 2.02308809624945E+0014
133 9.60000000000000E+0002 5.26800000000000E-0005 2.54621997874701E+0014
134 9.65000000000000E+0002 5.63400000000000E-0005 2.73822565197352E+0014
135 9.70000000000000E+0002 6.00000000000000E-0005 2.93023132520003E+0014
136 9.75000000000000E+0002 6.23200000000000E-0005 3.05980595300991E+0014
137 9.80000000000000E+0002 6.46400000000000E-0005 3.18938058081978E+0014
138 9.85000000000000E+0002 6.96600000000000E-0005 3.45587051903772E+0014
139 9.90000000000000E+0002 7.46800000000000E-0005 3.72236045725565E+0014
140 9.95000000000000E+0002 7.37650000000000E-0005 3.59943171492561E+0014
141 1.00000000000000E+0003 7.28500000000000E-0005 3.47650297259557E+0014
142 1.00500000000000E+0003 7.29250000000000E-0005 3.59431639701083E+0014
143 1.01000000000000E+0003 7.30000000000000E-0005 3.71212982142609E+0014
144 1.01500000000000E+0003 7.30000000000000E-0005 3.73050670173018E+0014
145 1.02000000000000E+0003 7.30000000000000E-0005 3.74888358203427E+0014
146 1.02500000000000E+0003 7.15000000000000E-0005 3.68947339365393E+0014
147 1.03000000000000E+0003 7.00000000000000E-0005 3.63006320527358E+0014
148 1.03500000000000E+0003 6.95000000000000E-0005 3.62150411033743E+0014
149 1.04000000000000E+0003 6.90000000000000E-0005 3.61294501540128E+0014
150 1.04500000000000E+0003 6.80000000000000E-0005 3.52458494708984E+0014
151 1.05000000000000E+0003 6.70000000000000E-0005 3.43622487877839E+0014
152 1.05500000000000E+0003 6.65000000000000E-0005 3.47927209154550E+0014
153 1.06000000000000E+0003 6.60000000000000E-0005 3.52231930431261E+0014
154 1.06500000000000E+0003 6.55000000000000E-0005 3.51199804277196E+0014
155 1.07000000000000E+0003 6.50000000000000E-0005 3.50167678123131E+0014
156 1.07500000000000E+0003 5.75000000000000E-0005 3.11022405694557E+0014
157 1.08000000000000E+0003 5.00000000000000E-0005 2.71877133265982E+0014
158 1.08500000000000E+0003 4.85000000000000E-0005 2.64903988273883E+0014
159 1.09000000000000E+0003 4.70000000000000E-0005 2.57930843281783E+0014
160 1.09500000000000E+0003 4.43300000000000E-0005 2.63710749744549E+0014
161 1.10000000000000E+0003 4.16600000000000E-0005 2.69490656207314E+0014
162 1.10500000000000E+0003 3.33300000000000E-0005 2.04602647067833E+0014
163 1.11000000000000E+0003 2.50000000000000E-0005 1.39714637928352E+0014
164 1.11500000000000E+0003 1.75000000000000E-0005 9.80519846362038E+0013
165 1.12000000000000E+0003 1.00000000000000E-0005 5.63893313440556E+0013
166 1.12500000000000E+0003 1.09500000000000E-0005 6.17614221069223E+0013
167 1.13000000000000E+0003 1.19000000000000E-0005 6.71335128697890E+0013
168 1.13500000000000E+0003 1.24500000000000E-0005 7.08743408330599E+0013
169 1.14000000000000E+0003 1.30000000000000E-0005 7.46151687963307E+0013
170 1.14500000000000E+0003 1.95000000000000E-0005 1.12577272219025E+0014
171 1.15000000000000E+0003 2.60000000000000E-0005 1.50539375641720E+0014
172 1.15500000000000E+0003 3.10000000000000E-0005 1.80395512683707E+0014
173 1.16000000000000E+0003 3.60000000000000E-0005 2.10251649725693E+0014
174 1.16500000000000E+0003 3.65000000000000E-0005 2.14103242446961E+0014
175 1.17000000000000E+0003 3.70000000000000E-0005 2.17954835168229E+0014
176 1.17500000000000E+0003 4.20000000000000E-0005 2.48591360277924E+0014
177 1.18000000000000E+0003 4.70000000000000E-0005 2.79227885387618E+0014
178 1.18500000000000E+0003 4.55000000000000E-0005 2.71424004710539E+0014
179 1.19000000000000E+0003 4.40000000000000E-0005 2.63620124033460E+0014
180 1.19500000000000E+0003 4.25000000000000E-0005 2.55665200504567E+0014
181 1.20000000000000E+0003 4.10000000000000E-0005 2.47710276975673E+0014
