i	lambda [nm]	el [W/(cm2nm)]	Photonen [cm-2 nm^-1 s-1]
1	412	3.56E-08	7.37E+10
2	413	6.31E-07	1.31E+12
3	414	1.14E-06	2.37E+12
4	415	7.24E-07	1.51E+12
5	416	6.55E-07	1.37E+12
6	417	1.78E-06	3.74E+12
7	418	2.63E-06	5.53E+12
8	419	2.77E-06	5.83E+12
9	420	4.01E-06	8.48E+12
10	421	5.05E-06	1.07E+13
11	422	5.81E-06	1.23E+13
12	423	6.84E-06	1.45E+13
13	424	7.55E-06	1.61E+13
14	425	8.37E-06	1.79E+13
15	426	9.67E-06	2.07E+13
16	427	1.07E-05	2.29E+13
17	428	1.19E-05	2.56E+13
18	429	1.34E-05	2.89E+13
19	430	1.51E-05	3.26E+13
20	431	1.59E-05	3.45E+13
21	432	1.75E-05	3.81E+13
22	433	1.94E-05	4.23E+13
23	434	2.03E-05	4.42E+13
24	435	2.22E-05	4.85E+13
25	436	2.35E-05	5.15E+13
26	437	2.48E-05	5.46E+13
27	438	2.61E-05	5.75E+13
28	439	2.73E-05	6.03E+13
29	440	2.94E-05	6.49E+13
30	441	3.10E-05	6.87E+13
31	442	3.13E-05	6.95E+13
32	443	3.04E-05	6.78E+13
33	444	2.92E-05	6.53E+13
34	445	2.89E-05	6.47E+13
35	446	2.72E-05	6.09E+13
36	447	2.50E-05	5.62E+13
37	448	2.34E-05	5.27E+13
38	449	2.10E-05	4.73E+13
39	450	1.78E-05	4.04E+13
40	451	1.57E-05	3.55E+13
41	452	1.34E-05	3.04E+13
42	453	1.19E-05	2.71E+13
43	454	1.04E-05	2.37E+13
44	455	9.15E-06	2.09E+13
45	456	8.39E-06	1.92E+13
46	457	7.48E-06	1.72E+13
47	458	6.86E-06	1.58E+13
48	459	6.08E-06	1.40E+13
49	460	5.45E-06	1.26E+13
50	461	5.10E-06	1.18E+13
51	462	5.00E-06	1.16E+13
52	463	4.39E-06	1.02E+13
53	464	3.73E-06	8.71E+12
54	465	3.05E-06	7.14E+12
55	466	2.78E-06	6.51E+12
56	467	2.78E-06	6.53E+12
57	468	2.81E-06	6.61E+12
58	469	3.06E-06	7.21E+12
59	470	2.55E-06	6.04E+12
60	471	2.36E-06	5.58E+12
61	472	2.52E-06	5.98E+12
62	473	2.39E-06	5.67E+12
63	474	2.22E-06	5.28E+12
64	475	1.96E-06	4.67E+12
65	476	1.89E-06	4.51E+12
66	477	1.52E-06	3.65E+12
67	478	9.60E-07	2.31E+12
68	479	1.45E-06	3.49E+12
69	480	2.27E-06	5.49E+12
70	481	2.10E-06	5.09E+12
71	482	2.04E-06	4.95E+12
72	483	2.19E-06	5.32E+12
73	484	2.30E-06	5.59E+12
74	485	2.23E-06	5.44E+12
75	486	2.48E-06	6.06E+12
76	487	3.04E-06	7.43E+12
77	488	3.44E-06	8.44E+12
78	489	3.49E-06	8.58E+12
79	490	3.70E-06	9.11E+12
80	491	4.35E-06	1.07E+13
81	492	4.93E-06	1.22E+13
82	493	5.21E-06	1.29E+13
83	494	5.92E-06	1.47E+13
84	495	6.53E-06	1.62E+13
85	496	7.25E-06	1.81E+13
86	497	8.17E-06	2.04E+13
87	498	8.87E-06	2.22E+13
88	499	9.61E-06	2.41E+13
89	500	1.07E-05	2.68E+13
90	501	1.18E-05	2.97E+13
91	502	1.28E-05	3.22E+13
92	503	1.36E-05	3.43E+13
93	504	1.47E-05	3.72E+13
94	505	1.58E-05	4.02E+13
95	506	1.72E-05	4.37E+13
96	507	1.83E-05	4.66E+13
97	508	1.94E-05	4.96E+13
98	509	2.09E-05	5.35E+13
99	510	2.21E-05	5.67E+13
100	511	2.30E-05	5.92E+13
101	512	2.39E-05	6.15E+13
102	513	2.55E-05	6.56E+13
103	514	2.68E-05	6.93E+13
104	515	2.81E-05	7.28E+13
105	516	2.92E-05	7.57E+13
106	517	3.00E-05	7.81E+13
107	518	3.12E-05	8.14E+13
108	519	3.21E-05	8.38E+13
109	520	3.28E-05	8.58E+13
110	521	3.35E-05	8.77E+13
111	522	3.43E-05	8.99E+13
112	523	3.55E-05	9.32E+13
113	524	3.64E-05	9.58E+13
114	525	3.69E-05	9.75E+13
115	526	3.76E-05	9.95E+13
116	527	3.85E-05	1.02E+14
117	528	3.91E-05	1.04E+14
118	529	3.96E-05	1.05E+14
119	530	4.03E-05	1.07E+14
120	531	4.09E-05	1.09E+14
121	532	4.14E-05	1.11E+14
122	533	4.17E-05	1.12E+14
123	534	4.19E-05	1.12E+14
124	535	4.18E-05	1.12E+14
125	536	4.23E-05	1.14E+14
126	537	4.29E-05	1.16E+14
127	538	4.30E-05	1.16E+14
128	539	4.32E-05	1.17E+14
129	540	4.31E-05	1.17E+14
130	541	4.36E-05	1.18E+14
131	542	4.41E-05	1.20E+14
132	543	4.40E-05	1.20E+14
133	544	4.39E-05	1.20E+14
134	545	4.40E-05	1.21E+14
135	546	4.40E-05	1.21E+14
136	547	4.43E-05	1.22E+14
137	548	4.41E-05	1.22E+14
138	549	4.40E-05	1.21E+14
139	550	4.39E-05	1.21E+14
140	551	4.42E-05	1.22E+14
141	552	4.44E-05	1.23E+14
142	553	4.44E-05	1.23E+14
143	554	4.45E-05	1.24E+14
144	555	4.47E-05	1.25E+14
145	556	4.50E-05	1.26E+14
146	557	4.50E-05	1.26E+14
147	558	4.47E-05	1.25E+14
148	559	4.48E-05	1.26E+14
149	560	4.48E-05	1.26E+14
150	561	4.41E-05	1.24E+14
151	562	4.40E-05	1.24E+14
152	563	4.40E-05	1.24E+14
153	564	4.46E-05	1.26E+14
154	565	4.51E-05	1.28E+14
155	566	4.47E-05	1.27E+14
156	567	4.41E-05	1.26E+14
157	568	4.38E-05	1.25E+14
158	569	4.37E-05	1.25E+14
159	570	4.44E-05	1.27E+14
160	571	4.44E-05	1.27E+14
161	572	4.39E-05	1.26E+14
162	573	4.36E-05	1.26E+14
163	574	4.36E-05	1.26E+14
164	575	4.38E-05	1.27E+14
165	576	4.40E-05	1.27E+14
166	577	4.39E-05	1.27E+14
167	578	4.41E-05	1.28E+14
168	579	4.44E-05	1.29E+14
169	580	4.43E-05	1.29E+14
170	581	4.43E-05	1.29E+14
171	582	4.44E-05	1.30E+14
172	583	4.49E-05	1.32E+14
173	584	4.51E-05	1.32E+14
174	585	4.56E-05	1.34E+14
175	586	4.61E-05	1.36E+14
176	587	4.64E-05	1.37E+14
177	588	4.69E-05	1.39E+14
178	589	4.82E-05	1.43E+14
179	590	4.87E-05	1.45E+14
180	591	4.97E-05	1.48E+14
181	592	5.05E-05	1.50E+14
182	593	5.16E-05	1.54E+14
183	594	5.32E-05	1.59E+14
184	595	5.52E-05	1.65E+14
185	596	5.70E-05	1.71E+14
186	597	5.96E-05	1.79E+14
187	598	6.21E-05	1.87E+14
188	599	6.51E-05	1.96E+14
189	600	6.81E-05	2.05E+14
190	601	7.21E-05	2.18E+14
191	602	7.63E-05	2.31E+14
192	603	7.98E-05	2.42E+14
193	604	8.42E-05	2.56E+14
194	605	8.92E-05	2.71E+14
195	606	9.54E-05	2.91E+14
196	607	1.01E-04	3.09E+14
197	608	1.08E-04	3.29E+14
198	609	1.14E-04	3.51E+14
199	610	1.22E-04	3.74E+14
200	611	1.30E-04	3.99E+14
201	612	1.39E-04	4.28E+14
202	613	1.49E-04	4.58E+14
203	614	1.59E-04	4.92E+14
204	615	1.70E-04	5.25E+14
205	616	1.79E-04	5.55E+14
206	617	1.88E-04	5.84E+14
207	618	1.96E-04	6.09E+14
208	619	2.01E-04	6.26E+14
209	620	2.04E-04	6.35E+14
210	621	2.00E-04	6.24E+14
211	622	1.91E-04	5.98E+14
212	623	1.75E-04	5.49E+14
213	624	1.56E-04	4.89E+14
214	625	1.36E-04	4.28E+14
215	626	1.18E-04	3.70E+14
216	627	1.01E-04	3.19E+14
217	628	8.59E-05	2.71E+14
218	629	7.37E-05	2.33E+14
219	630	6.47E-05	2.05E+14
220	631	5.72E-05	1.82E+14
221	632	5.08E-05	1.61E+14
222	633	4.48E-05	1.43E+14
223	634	4.00E-05	1.28E+14
224	635	3.54E-05	1.13E+14
225	636	3.24E-05	1.04E+14
226	637	2.96E-05	9.49E+13
227	638	2.67E-05	8.56E+13
228	639	2.42E-05	7.78E+13
229	640	2.29E-05	7.36E+13
230	641	2.12E-05	6.83E+13
231	642	1.98E-05	6.38E+13
232	643	1.88E-05	6.07E+13
233	644	1.72E-05	5.56E+13
234	645	1.58E-05	5.14E+13
235	646	1.48E-05	4.81E+13
236	647	1.44E-05	4.69E+13
237	648	1.38E-05	4.48E+13
238	649	1.28E-05	4.18E+13
239	650	1.33E-05	4.34E+13
240	651	1.27E-05	4.17E+13
241	652	1.11E-05	3.65E+13
242	653	1.09E-05	3.57E+13
243	654	1.09E-05	3.58E+13
244	655	1.07E-05	3.53E+13
245	656	1.00E-05	3.30E+13
246	657	9.11E-06	3.01E+13
247	658	8.47E-06	2.80E+13
248	659	8.90E-06	2.95E+13
249	660	8.43E-06	2.80E+13
250	661	7.73E-06	2.57E+13
251	662	7.58E-06	2.52E+13
252	663	6.82E-06	2.27E+13
253	664	7.19E-06	2.40E+13
254	665	6.62E-06	2.21E+13
255	666	5.98E-06	2.00E+13
256	667	5.75E-06	1.93E+13
257	668	5.87E-06	1.97E+13
258	669	6.06E-06	2.04E+13
259	670	6.48E-06	2.18E+13
260	671	6.25E-06	2.11E+13
261	672	5.67E-06	1.92E+13
262	673	5.36E-06	1.81E+13
263	674	4.80E-06	1.63E+13
264	675	4.64E-06	1.57E+13
265	676	4.50E-06	1.53E+13
266	677	4.41E-06	1.50E+13
267	678	4.05E-06	1.38E+13
268	679	3.95E-06	1.35E+13
269	680	3.85E-06	1.31E+13
270	681	3.79E-06	1.30E+13
271	682	3.31E-06	1.14E+13
272	683	3.06E-06	1.05E+13
273	684	2.76E-06	9.48E+12
274	685	2.17E-06	7.49E+12
275	686	3.08E-06	1.06E+13
276	687	3.06E-06	1.06E+13
277	688	2.28E-06	7.88E+12
278	689	2.50E-06	8.68E+12
279	690	2.37E-06	8.23E+12
280	691	2.11E-06	7.34E+12
281	692	2.03E-06	7.07E+12
282	693	2.03E-06	7.08E+12
283	694	1.40E-06	4.90E+12
284	695	1.34E-06	4.67E+12
285	696	1.13E-06	3.94E+12
286	697	9.14E-07	3.20E+12
287	698	1.19E-06	4.17E+12
288	699	1.39E-06	4.87E+12
289	700	1.27E-06	4.47E+12
290	701	1.29E-06	4.54E+12
291	702	1.53E-06	5.41E+12
292	703	1.34E-06	4.72E+12
293	704	5.39E-07	1.91E+12
294	705	7.64E-07	2.71E+12
295	706	2.31E-07	8.20E+11
296	707	0.00E+00	0.00E+00
297	708	1.60E-06	5.69E+12
298	709	1.69E-06	6.01E+12
299	710	6.74E-07	2.40E+12
300	711	6.23E-07	2.23E+12
301	712	1.96E-07	7.01E+11
302	713	1.05E-07	3.78E+11
303	714	6.83E-08	2.45E+11
