i	lambda [nm]	el [W/(cm2nm)]	Photonen [cm-2 nm^-1 s-1]
1	300	1.69E-07	2.54E+11
2	302	4.19E-07	6.36E+11
3	304	3.68E-07	5.63E+11
4	306	1.64E-07	2.52E+11
5	308	2.24E-07	3.47E+11
6	310	3.89E-07	6.06E+11
7	312	7.76E-07	1.22E+12
8	314	0.00E+00	0.00E+00
9	316	4.82E-08	7.66E+10
10	318	7.30E-07	1.17E+12
11	320	3.50E-07	5.63E+11
12	322	3.54E-09	5.73E+09
13	324	1.39E-07	2.27E+11
14	326	4.15E-07	6.81E+11
15	328	0.00E+00	0.00E+00
16	330	2.50E-08	4.15E+10
17	332	3.03E-07	5.05E+11
18	334	7.78E-07	1.31E+12
19	336	3.47E-07	5.87E+11
20	338	0.00E+00	0.00E+00
21	340	0.00E+00	0.00E+00
22	342	7.38E-07	1.27E+12
23	344	0.00E+00	0.00E+00
24	346	6.67E-07	1.16E+12
25	348	1.06E-06	1.86E+12
26	350	9.20E-07	1.62E+12
27	352	9.72E-08	1.72E+11
28	354	5.76E-07	1.03E+12
29	356	5.06E-07	9.05E+11
30	358	2.75E-07	4.94E+11
31	360	1.56E-07	2.82E+11
32	362	0.00E+00	0.00E+00
33	364	7.60E-07	1.39E+12
34	366	4.44E-07	8.18E+11
35	368	3.29E-07	6.09E+11
36	370	4.28E-08	7.96E+10
37	372	4.25E-07	7.95E+11
38	374	0.00E+00	0.00E+00
39	376	7.87E-07	1.49E+12
40	378	1.24E-08	2.36E+10
41	380	0.00E+00	0.00E+00
42	382	5.51E-07	1.06E+12
43	384	9.13E-07	1.76E+12
44	386	5.56E-07	1.08E+12
45	388	5.99E-07	1.17E+12
46	390	1.01E-06	1.99E+12
47	392	8.33E-07	1.64E+12
48	394	0.00E+00	0.00E+00
49	396	5.00E-07	9.96E+11
50	398	3.24E-07	6.48E+11
51	400	1.02E-07	2.05E+11
52	402	8.27E-07	1.67E+12
53	404	6.42E-07	1.30E+12
54	406	1.35E-06	2.75E+12
55	408	7.81E-07	1.60E+12
56	410	1.47E-06	3.04E+12
57	412	4.78E-07	9.89E+11
58	414	2.02E-06	4.21E+12
59	416	2.16E-06	4.51E+12
60	418	2.27E-06	4.77E+12
61	420	4.22E-06	8.90E+12
62	422	4.70E-06	9.97E+12
63	424	5.77E-06	1.23E+13
64	426	6.30E-06	1.35E+13
65	428	8.67E-06	1.87E+13
66	430	1.03E-05	2.22E+13
67	432	1.19E-05	2.58E+13
68	434	1.44E-05	3.15E+13
69	436	1.70E-05	3.73E+13
70	438	2.06E-05	4.54E+13
71	440	2.40E-05	5.31E+13
72	442	2.82E-05	6.28E+13
73	444	3.35E-05	7.48E+13
74	446	3.83E-05	8.59E+13
75	448	4.13E-05	9.31E+13
76	450	4.43E-05	1.00E+14
77	452	4.35E-05	9.88E+13
78	454	4.05E-05	9.25E+13
79	456	3.78E-05	8.67E+13
80	458	3.46E-05	7.98E+13
81	460	3.17E-05	7.34E+13
82	462	2.91E-05	6.75E+13
83	464	2.79E-05	6.50E+13
84	466	2.76E-05	6.46E+13
85	468	2.57E-05	6.04E+13
86	470	2.55E-05	6.02E+13
87	472	2.44E-05	5.78E+13
88	474	2.38E-05	5.67E+13
89	476	2.30E-05	5.51E+13
90	478	2.27E-05	5.45E+13
91	480	2.30E-05	5.56E+13
92	482	2.29E-05	5.56E+13
93	484	2.41E-05	5.86E+13
94	486	2.48E-05	6.06E+13
95	488	2.60E-05	6.38E+13
96	490	2.75E-05	6.78E+13
97	492	2.92E-05	7.22E+13
98	494	3.03E-05	7.52E+13
99	496	3.17E-05	7.92E+13
100	498	3.40E-05	8.52E+13
101	500	3.65E-05	9.18E+13
102	502	3.82E-05	9.64E+13
103	504	4.01E-05	1.02E+14
104	506	4.24E-05	1.08E+14
105	508	4.36E-05	1.11E+14
106	510	4.64E-05	1.19E+14
107	512	4.80E-05	1.24E+14
108	514	4.95E-05	1.28E+14
109	516	5.13E-05	1.33E+14
110	518	5.44E-05	1.42E+14
111	520	5.56E-05	1.45E+14
112	522	5.79E-05	1.52E+14
113	524	5.94E-05	1.56E+14
114	526	6.16E-05	1.63E+14
115	528	6.30E-05	1.67E+14
116	530	6.50E-05	1.73E+14
117	532	6.75E-05	1.81E+14
118	534	6.95E-05	1.87E+14
119	536	7.10E-05	1.91E+14
120	538	7.37E-05	1.99E+14
121	540	7.62E-05	2.07E+14
122	542	7.85E-05	2.14E+14
123	544	8.10E-05	2.22E+14
124	546	8.30E-05	2.28E+14
125	548	8.57E-05	2.36E+14
126	550	8.83E-05	2.44E+14
127	552	9.09E-05	2.52E+14
128	554	9.47E-05	2.64E+14
129	556	9.70E-05	2.71E+14
130	558	1.01E-04	2.84E+14
131	560	1.04E-04	2.92E+14
132	562	1.07E-04	3.01E+14
133	564	1.10E-04	3.13E+14
134	566	1.13E-04	3.23E+14
135	568	1.16E-04	3.32E+14
136	570	1.20E-04	3.43E+14
137	572	1.24E-04	3.56E+14
138	574	1.27E-04	3.67E+14
139	576	1.30E-04	3.77E+14
140	578	1.34E-04	3.91E+14
141	580	1.38E-04	4.02E+14
142	582	1.41E-04	4.11E+14
143	584	1.44E-04	4.23E+14
144	586	1.48E-04	4.35E+14
145	588	1.49E-04	4.42E+14
146	590	1.53E-04	4.55E+14
147	592	1.55E-04	4.62E+14
148	594	1.57E-04	4.69E+14
149	596	1.59E-04	4.76E+14
150	598	1.60E-04	4.80E+14
151	600	1.61E-04	4.85E+14
152	602	1.62E-04	4.90E+14
153	604	1.63E-04	4.95E+14
154	606	1.62E-04	4.94E+14
155	608	1.61E-04	4.92E+14
156	610	1.60E-04	4.92E+14
157	612	1.59E-04	4.89E+14
158	614	1.57E-04	4.86E+14
159	616	1.55E-04	4.81E+14
160	618	1.54E-04	4.77E+14
161	620	1.49E-04	4.65E+14
162	622	1.47E-04	4.59E+14
163	624	1.44E-04	4.52E+14
164	626	1.41E-04	4.43E+14
165	628	1.38E-04	4.36E+14
166	630	1.33E-04	4.23E+14
167	632	1.29E-04	4.11E+14
168	634	1.26E-04	4.01E+14
169	636	1.22E-04	3.89E+14
170	638	1.18E-04	3.77E+14
171	640	1.13E-04	3.65E+14
172	642	1.09E-04	3.53E+14
173	644	1.03E-04	3.34E+14
174	646	1.01E-04	3.27E+14
175	648	9.60E-05	3.13E+14
176	650	9.23E-05	3.02E+14
177	652	8.73E-05	2.86E+14
178	654	8.38E-05	2.76E+14
179	656	8.02E-05	2.64E+14
180	658	7.59E-05	2.51E+14
181	660	7.33E-05	2.43E+14
182	662	6.94E-05	2.31E+14
183	664	6.54E-05	2.18E+14
184	666	6.17E-05	2.07E+14
185	668	5.90E-05	1.98E+14
186	670	5.56E-05	1.87E+14
187	672	5.27E-05	1.78E+14
188	674	4.97E-05	1.68E+14
189	676	4.66E-05	1.58E+14
190	678	4.46E-05	1.52E+14
191	680	4.13E-05	1.41E+14
192	682	3.94E-05	1.35E+14
193	684	3.66E-05	1.26E+14
194	686	3.56E-05	1.23E+14
195	688	3.33E-05	1.15E+14
196	690	3.12E-05	1.08E+14
197	692	2.93E-05	1.02E+14
198	694	2.84E-05	9.90E+13
199	696	2.56E-05	8.97E+13
200	698	2.41E-05	8.44E+13
201	700	2.34E-05	8.23E+13
202	702	2.12E-05	7.47E+13
203	704	2.05E-05	7.27E+13
204	706	1.85E-05	6.58E+13
205	708	1.78E-05	6.35E+13
206	710	1.65E-05	5.87E+13
207	712	1.50E-05	5.38E+13
208	714	1.46E-05	5.25E+13
209	716	1.41E-05	5.06E+13
210	718	1.33E-05	4.80E+13
211	720	1.23E-05	4.45E+13
212	722	1.10E-05	3.98E+13
213	724	1.01E-05	3.69E+13
214	726	9.95E-06	3.63E+13
215	728	1.01E-05	3.71E+13
216	730	9.16E-06	3.36E+13
217	732	8.79E-06	3.23E+13
218	734	7.75E-06	2.86E+13
219	736	7.54E-06	2.79E+13
220	738	6.38E-06	2.37E+13
221	740	7.09E-06	2.64E+13
222	742	4.80E-06	1.79E+13
223	744	5.35E-06	2.00E+13
224	746	5.68E-06	2.13E+13
225	748	4.69E-06	1.76E+13
226	750	5.37E-06	2.02E+13
227	752	6.25E-06	2.36E+13
228	754	5.45E-06	2.07E+13
229	756	3.59E-06	1.37E+13
230	758	3.99E-06	1.52E+13
231	760	4.50E-06	1.72E+13
232	762	3.19E-06	1.22E+13
233	764	3.16E-06	1.21E+13
234	766	3.60E-06	1.38E+13
235	768	3.71E-06	1.43E+13
236	770	8.17E-07	3.16E+12
237	772	2.28E-06	8.85E+12
238	774	4.80E-06	1.87E+13
239	776	2.68E-06	1.05E+13
240	778	2.52E-06	9.85E+12
241	780	3.88E-06	1.52E+13
242	782	1.93E-06	7.60E+12
243	784	2.74E-06	1.08E+13
244	786	1.55E-06	6.12E+12
245	788	1.84E-06	7.29E+12
246	790	4.56E-07	1.81E+12
247	792	2.28E-06	9.09E+12
248	794	2.70E-06	1.08E+13
249	796	2.51E-07	1.00E+12
250	798	1.94E-06	7.79E+12
251	800	1.36E-06	5.46E+12
252	802	2.96E-07	1.19E+12
253	804	9.94E-07	4.02E+12
254	806	9.72E-07	3.94E+12
255	808	1.78E-06	7.25E+12
256	810	0.00E+00	0.00E+00
257	812	3.10E-06	1.27E+13
258	814	1.34E-06	5.50E+12
259	816	2.63E-06	1.08E+13
260	818	0.00E+00	0.00E+00
261	820	0.00E+00	0.00E+00
262	822	7.47E-07	3.09E+12
263	824	0.00E+00	0.00E+00
264	826	1.00E-06	4.16E+12
265	828	0.00E+00	0.00E+00
266	830	0.00E+00	0.00E+00
267	832	9.55E-07	4.00E+12
268	834	0.00E+00	0.00E+00
269	836	0.00E+00	0.00E+00
270	838	0.00E+00	0.00E+00
271	840	5.05E-06	2.13E+13
272	842	0.00E+00	0.00E+00
273	844	7.44E-07	3.16E+12
274	846	2.19E-06	9.33E+12
275	848	3.21E-06	1.37E+13
276	850	5.91E-06	2.53E+13
277	852	3.08E-06	1.32E+13
278	854	3.82E-06	1.64E+13
279	856	1.92E-06	8.28E+12
280	858	2.65E-07	1.14E+12
281	860	9.48E-08	4.10E+11
282	862	3.04E-06	1.32E+13
283	864	0.00E+00	0.00E+00
284	866	1.02E-07	4.46E+11
285	868	5.06E-06	2.21E+13
286	870	6.89E-06	3.01E+13
287	872	2.72E-07	1.19E+12
288	874	7.01E-06	3.08E+13
289	876	1.65E-07	7.27E+11
290	878	5.19E-06	2.29E+13
291	880	0.00E+00	0.00E+00
292	882	4.86E-06	2.16E+13
293	884	0.00E+00	0.00E+00
294	886	0.00E+00	0.00E+00
295	888	0.00E+00	0.00E+00
296	890	8.96E-08	4.01E+11
297	892	3.58E-06	1.61E+13
298	894	2.48E-06	1.11E+13
299	896	1.05E-06	4.72E+12
300	898	8.35E-07	3.77E+12
