i	lambda [nm]	el [W/(cm2nm)]	Photonen [cm-2 nm^-1 s-1]
1	350	7.17182E-07	1.26201E+12
2	351	7.93712E-07	1.40067E+12
3	352	8.16633E-07	1.44522E+12
4	353	9.0737E-07	1.61036E+12
5	354	7.92765E-07	1.41095E+12
6	355	7.94848E-07	1.41866E+12
7	356	8.45805E-07	1.51386E+12
8	357	7.88408E-07	1.41509E+12
9	358	8.00152E-07	1.44019E+12
10	359	8.07919E-07	1.45823E+12
11	360	8.79145E-07	1.59121E+12
12	361	8.00152E-07	1.45226E+12
13	362	8.0413E-07	1.46353E+12
14	363	8.78197E-07	1.60274E+12
15	364	8.09624E-07	1.48166E+12
16	365	8.22505E-07	1.50937E+12
17	366	7.42376E-07	1.36606E+12
18	367	8.56602E-07	1.58056E+12
19	368	8.4429E-07	1.56208E+12
20	369	7.9087E-07	1.46723E+12
21	370	8.42774E-07	1.56775E+12
22	371	8.05078E-07	1.50168E+12
23	372	8.4732E-07	1.58473E+12
24	373	8.61528E-07	1.61564E+12
25	374	8.78955E-07	1.65274E+12
26	375	9.23282E-07	1.74073E+12
27	376	8.6418E-07	1.63364E+12
28	377	8.43342E-07	1.59849E+12
29	378	9.27449E-07	1.76257E+12
30	379	9.08885E-07	1.73186E+12
31	380	9.55674E-07	1.82582E+12
32	381	9.52833E-07	1.82519E+12
33	382	9.41088E-07	1.80742E+12
34	383	1.02842E-06	1.98031E+12
35	384	1.05835E-06	2.04326E+12
36	385	1.05266E-06	2.03758E+12
37	386	1.10949E-06	2.15316E+12
38	387	1.19114E-06	2.31759E+12
39	388	1.24323E-06	2.4252E+12
40	389	1.28737E-06	2.51778E+12
41	390	1.30782E-06	2.56436E+12
42	391	1.36977E-06	2.69271E+12
43	392	1.43039E-06	2.81906E+12
44	393	1.49271E-06	2.94939E+12
45	394	1.534E-06	3.0387E+12
46	395	1.60883E-06	3.19501E+12
47	396	1.70203E-06	3.38865E+12
48	397	1.78973E-06	3.57227E+12
49	398	1.90794E-06	3.8178E+12
50	399	2.09718E-06	4.20701E+12
51	400	2.1595E-06	4.34289E+12
52	401	2.30877E-06	4.65469E+12
53	402	2.52965E-06	5.11271E+12
54	403	2.69445E-06	5.45935E+12
55	404	2.82762E-06	5.74338E+12
56	405	3.0932E-06	6.29838E+12
57	406	3.2402E-06	6.61398E+12
58	407	3.4804E-06	7.12178E+12
59	408	3.68877E-06	7.56671E+12
60	409	4.04452E-06	8.31679E+12
61	410	4.44933E-06	9.17157E+12
62	411	4.76019E-06	9.83628E+12
63	412	5.26672E-06	1.09094E+13
64	413	5.82706E-06	1.20994E+13
65	414	6.55163E-06	1.36369E+13
66	415	7.2241E-06	1.50729E+13
67	416	8.1273E-06	1.69983E+13
68	417	9.22486E-06	1.93402E+13
69	418	1.03853E-05	2.18253E+13
70	419	1.17079E-05	2.46637E+13
71	420	1.32724E-05	2.80262E+13
72	421	1.51245E-05	3.20131E+13
73	422	1.72063E-05	3.65061E+13
74	423	1.94728E-05	4.14128E+13
75	424	2.17331E-05	4.6329E+13
76	425	2.48043E-05	5.30007E+13
77	426	2.80046E-05	5.99796E+13
78	427	3.11878E-05	6.69541E+13
79	428	3.51311E-05	7.55964E+13
80	429	3.92643E-05	8.46877E+13
81	430	4.37409E-05	9.4563E+13
82	431	4.87564E-05	1.05651E+14
83	432	5.46028E-05	1.18594E+14
84	433	6.0468E-05	1.31637E+14
85	434	6.6771E-05	1.45694E+14
86	435	7.41503E-05	1.62169E+14
87	436	8.1972E-05	1.79687E+14
88	437	9.01787E-05	1.9813E+14
89	438	9.96068E-05	2.19345E+14
90	439	0.000110364	2.43588E+14
91	440	0.000123775	2.73811E+14
92	441	0.000137075	3.03922E+14
93	442	0.000152406	3.3868E+14
94	443	0.000170105	3.78866E+14
95	444	0.000189229	4.22413E+14
96	445	0.000210013	4.69863E+14
97	446	0.000233554	5.23705E+14
98	447	0.000256716	5.76932E+14
99	448	0.000281137	6.33229E+14
100	449	0.000304333	6.87007E+14
101	450	0.000325487	7.36395E+14
102	451	0.000338758	7.68124E+14
103	452	0.000347119	7.88829E+14
104	453	0.000350494	7.98259E+14
105	454	0.000345225	7.87995E+14
106	455	0.000331175	7.57591E+14
107	456	0.000312666	7.1682E+14
108	457	0.000288129	6.62016E+14
109	458	0.000263984	6.07867E+14
110	459	0.000239071	5.51702E+14
111	460	0.000215941	4.99411E+14
112	461	0.000194387	4.5054E+14
113	462	0.000176346	4.09612E+14
114	463	0.000162028	3.77169E+14
115	464	0.00014894	3.47452E+14
116	465	0.000139274	3.25602E+14
117	466	0.000130838	3.06538E+14
118	467	0.000123031	2.88867E+14
119	468	0.000115526	2.71825E+14
120	469	0.000107977	2.54605E+14
121	470	0.000101111	2.38926E+14
122	471	9.46606E-05	2.24159E+14
123	472	8.70713E-05	2.06625E+14
124	473	8.05523E-05	1.9156E+14
125	474	7.38063E-05	1.75888E+14
126	475	6.78887E-05	1.62127E+14
127	476	6.2715E-05	1.50087E+14
128	477	5.74104E-05	1.37681E+14
129	478	5.35873E-05	1.28782E+14
130	479	5.0011E-05	1.20439E+14
131	480	4.74708E-05	1.1456E+14
132	481	4.50035E-05	1.08832E+14
133	482	4.32313E-05	1.04764E+14
134	483	4.1815E-05	1.01542E+14
135	484	4.06691E-05	9.89635E+13
136	485	3.98568E-05	9.71873E+13
137	486	3.91984E-05	9.57788E+13
138	487	3.8711E-05	9.47825E+13
139	488	3.83018E-05	9.39732E+13
140	489	3.81533E-05	9.38007E+13
141	490	3.83168E-05	9.43952E+13
142	491	3.83545E-05	9.46809E+13
143	492	3.90377E-05	9.65639E+13
144	493	3.97365E-05	9.84923E+13
145	494	4.08333E-05	1.01416E+14
146	495	4.23706E-05	1.05447E+14
147	496	4.37621E-05	1.0913E+14
148	497	4.59809E-05	1.14894E+14
149	498	4.81817E-05	1.20636E+14
150	499	5.08296E-05	1.27521E+14
151	500	5.38167E-05	1.35286E+14
152	501	5.67902E-05	1.43046E+14
153	502	5.97322E-05	1.50757E+14
154	503	6.32043E-05	1.59838E+14
155	504	6.64403E-05	1.68356E+14
156	505	7.02363E-05	1.78327E+14
157	506	7.3832E-05	1.87828E+14
158	507	7.72926E-05	1.9702E+14
159	508	8.09741E-05	2.06812E+14
160	509	8.49527E-05	2.174E+14
161	510	8.818E-05	2.26103E+14
162	511	9.21079E-05	2.36637E+14
163	512	9.58156E-05	2.46644E+14
164	513	9.92291E-05	2.5593E+14
165	514	0.000103036	2.66266E+14
166	515	0.000106385	2.75455E+14
167	516	0.000109709	2.84614E+14
168	517	0.000112845	2.93317E+14
169	518	0.000115849	3.01709E+14
170	519	0.000119037	3.1061E+14
171	520	0.000122008	3.18976E+14
172	521	0.000124394	3.25839E+14
173	522	0.000127424	3.34417E+14
174	523	0.000129859	3.4146E+14
175	524	0.000132633	3.49419E+14
176	525	0.000134138	3.54059E+14
177	526	0.000136492	3.6096E+14
178	527	0.000138259	3.66328E+14
179	528	0.000140111	3.71938E+14
180	529	0.000141502	3.76341E+14
181	530	0.000143488	3.82346E+14
182	531	0.00014492	3.8689E+14
183	532	0.000146158	3.9093E+14
184	533	0.00014718	3.94404E+14
185	534	0.000148375	3.98353E+14
186	535	0.000149253	4.0146E+14
187	536	0.000150436	4.05399E+14
188	537	0.000151671	4.09489E+14
189	538	0.000152238	4.11786E+14
190	539	0.00015288	4.14291E+14
191	540	0.000153356	4.16351E+14
192	541	0.000154091	4.19123E+14
193	542	0.000154338	4.20569E+14
194	543	0.000155135	4.2352E+14
195	544	0.00015548	4.25244E+14
196	545	0.000155443	4.25925E+14
197	546	0.000156324	4.29125E+14
198	547	0.00015653	4.30478E+14
199	548	0.000156424	4.30971E+14
200	549	0.000156535	4.32064E+14
201	550	0.000157013	4.34175E+14
202	551	0.000156916	4.34693E+14
203	552	0.000156551	4.3447E+14
204	553	0.000157648	4.38307E+14
205	554	0.000157424	4.38475E+14
206	555	0.000156857	4.37685E+14
207	556	0.00015709	4.39125E+14
208	557	0.000156947	4.39516E+14
209	558	0.000156525	4.3912E+14
210	559	0.000156415	4.39598E+14
211	560	0.00015635	4.402E+14
212	561	0.000156349	4.40985E+14
213	562	0.000155673	4.39859E+14
214	563	0.000155954	4.41438E+14
215	564	0.000155549	4.41075E+14
216	565	0.000155506	4.41734E+14
217	566	0.000155106	4.41377E+14
218	567	0.000154639	4.40826E+14
219	568	0.000153853	4.39358E+14
220	569	0.0001539	4.40267E+14
221	570	0.000153155	4.38907E+14
222	571	0.00015278	4.386E+14
223	572	0.000152044	4.37252E+14
224	573	0.000151981	4.37833E+14
225	574	0.00015134	4.36747E+14
226	575	0.000150547	4.35217E+14
227	576	0.000149963	4.34281E+14
228	577	0.00014923	4.32908E+14
229	578	0.000148493	4.31518E+14
230	579	0.000148076	4.31052E+14
231	580	0.000147173	4.29161E+14
232	581	0.000146265	4.27248E+14
233	582	0.000145625	4.26112E+14
234	583	0.000144524	4.23619E+14
235	584	0.000143537	4.21446E+14
236	585	0.000143059	4.20761E+14
237	586	0.000141803	4.17779E+14
238	587	0.000140991	4.16097E+14
239	588	0.000139711	4.13022E+14
240	589	0.000138814	4.11067E+14
241	590	0.00013774	4.0858E+14
242	591	0.00013651	4.05619E+14
243	592	0.000135193	4.02384E+14
244	593	0.000134419	4.00757E+14
245	594	0.000133193	3.9777E+14
246	595	0.00013213	3.9526E+14
247	596	0.000130653	3.91499E+14
248	597	0.000129338	3.8821E+14
249	598	0.00012844	3.86161E+14
250	599	0.00012737	3.83584E+14
251	600	0.000125856	3.79655E+14
252	601	0.00012472	3.76855E+14
253	602	0.000123326	3.73264E+14
254	603	0.000121784	3.6921E+14
255	604	0.000120665	3.66424E+14
256	605	0.000119237	3.62687E+14
257	606	0.000117835	3.59015E+14
258	607	0.000116624	3.55912E+14
259	608	0.000114931	3.51322E+14
260	609	0.000113784	3.48388E+14
261	610	0.000112063	3.43682E+14
262	611	0.000110671	3.39969E+14
263	612	0.000108993	3.35363E+14
264	613	0.000107523	3.31379E+14
265	614	0.000106255	3.28006E+14
266	615	0.000104721	3.23797E+14
267	616	0.000103193	3.19591E+14
268	617	0.000101855	3.15961E+14
269	618	0.000100107	3.11041E+14
270	619	9.87614E-05	3.07357E+14
271	620	9.70982E-05	3.02669E+14
272	621	9.57158E-05	2.98841E+14
273	622	9.42969E-05	2.94885E+14
274	623	9.27243E-05	2.90434E+14
275	624	9.12232E-05	2.86191E+14
276	625	8.97608E-05	2.82054E+14
277	626	8.82613E-05	2.77786E+14
278	627	8.67527E-05	2.73474E+14
279	628	8.54473E-05	2.69788E+14
280	629	8.40437E-05	2.65779E+14
281	630	8.26343E-05	2.61738E+14
282	631	8.10969E-05	2.57276E+14
283	632	7.96688E-05	2.53146E+14
284	633	7.82645E-05	2.49077E+14
285	634	7.70543E-05	2.45613E+14
286	635	7.57856E-05	2.4195E+14
287	636	7.45172E-05	2.38275E+14
288	637	7.29641E-05	2.33676E+14
289	638	7.16242E-05	2.29745E+14
290	639	7.04115E-05	2.26209E+14
291	640	6.89754E-05	2.21942E+14
292	641	6.77004E-05	2.1818E+14
293	642	6.64623E-05	2.14524E+14
294	643	6.53164E-05	2.11154E+14
295	644	6.39889E-05	2.07184E+14
296	645	6.27752E-05	2.0357E+14
297	646	6.15841E-05	2.00017E+14
298	647	6.03507E-05	1.96314E+14
299	648	5.93653E-05	1.93407E+14
300	649	5.81476E-05	1.89733E+14
301	650	5.69313E-05	1.8605E+14
302	651	5.58695E-05	1.82861E+14
303	652	5.47138E-05	1.79354E+14
304	653	5.37343E-05	1.76413E+14
305	654	5.26737E-05	1.73195E+14
306	655	5.16714E-05	1.7016E+14
307	656	5.05598E-05	1.66753E+14
308	657	4.94592E-05	1.63372E+14
309	658	4.83842E-05	1.60064E+14
310	659	4.74022E-05	1.57054E+14
311	660	4.65115E-05	1.54337E+14
312	661	4.54924E-05	1.51184E+14
313	662	4.44712E-05	1.48014E+14
314	663	4.3496E-05	1.44987E+14
315	664	4.24882E-05	1.41841E+14
316	665	4.16935E-05	1.39398E+14
317	666	4.0742E-05	1.36421E+14
318	667	3.99487E-05	1.33966E+14
319	668	3.90644E-05	1.31197E+14
320	669	3.81531E-05	1.28328E+14
321	670	3.71357E-05	1.25092E+14
322	671	3.64355E-05	1.22917E+14
323	672	3.56913E-05	1.20586E+14
324	673	3.49083E-05	1.18116E+14
325	674	3.40764E-05	1.15472E+14
326	675	3.32813E-05	1.12946E+14
327	676	3.26157E-05	1.10851E+14
328	677	3.1883E-05	1.08521E+14
329	678	3.1194E-05	1.06333E+14
330	679	3.04723E-05	1.04026E+14
331	680	2.97835E-05	1.01824E+14
332	681	2.9012E-05	9.93321E+13
333	682	2.8344E-05	9.71877E+13
334	683	2.77541E-05	9.53046E+13
335	684	2.70961E-05	9.3181E+13
336	685	2.643E-05	9.10235E+13
337	686	2.58178E-05	8.90448E+13
338	687	2.52899E-05	8.73511E+13
339	688	2.46545E-05	8.52805E+13
340	689	2.40832E-05	8.34254E+13
341	690	2.34944E-05	8.15041E+13
342	691	2.29493E-05	7.97282E+13
343	692	2.23777E-05	7.78552E+13
344	693	2.1836E-05	7.60801E+13
345	694	2.1384E-05	7.46128E+13
346	695	2.07985E-05	7.26744E+13
347	696	2.03497E-05	7.12086E+13
348	697	1.9811E-05	6.94231E+13
349	698	1.93957E-05	6.80655E+13
350	699	1.88566E-05	6.62684E+13
351	700	1.85022E-05	6.51158E+13
352	701	1.79981E-05	6.34323E+13
353	702	1.75857E-05	6.20673E+13
354	703	1.70841E-05	6.03828E+13
355	704	1.6731E-05	5.92189E+13
356	705	1.6344E-05	5.79313E+13
357	706	1.58627E-05	5.63049E+13
358	707	1.55081E-05	5.51242E+13
359	708	1.51472E-05	5.39176E+13
360	709	1.47649E-05	5.26312E+13
361	710	1.43819E-05	5.13381E+13
362	711	1.40294E-05	5.01503E+13
363	712	1.37068E-05	4.9066E+13
364	713	1.34285E-05	4.81374E+13
365	714	1.31368E-05	4.71577E+13
366	715	1.2767E-05	4.58945E+13
367	716	1.2462E-05	4.48608E+13
368	717	1.21675E-05	4.38616E+13
369	718	1.18763E-05	4.28718E+13
370	719	1.15776E-05	4.18516E+13
371	720	1.12872E-05	4.08586E+13
372	721	1.10459E-05	4.00405E+13
373	722	1.07839E-05	3.91451E+13
374	723	1.05486E-05	3.83441E+13
375	724	1.02749E-05	3.74007E+13
376	725	1.00053E-05	3.64698E+13
377	726	9.74201E-06	3.55591E+13
378	727	9.52397E-06	3.48111E+13
379	728	9.27904E-06	3.39625E+13
380	729	9.0432E-06	3.31448E+13
381	730	8.82857E-06	3.24025E+13
382	731	8.57303E-06	3.15077E+13
383	732	8.41012E-06	3.09513E+13
384	733	8.18035E-06	3.01468E+13
385	734	7.98845E-06	2.94798E+13
386	735	7.78879E-06	2.87821E+13
387	736	7.60524E-06	2.8142E+13
388	737	7.3891E-06	2.73794E+13
389	738	7.20364E-06	2.67285E+13
390	739	7.05191E-06	2.62009E+13
391	740	6.84392E-06	2.54625E+13
392	741	6.65638E-06	2.47983E+13
393	742	6.53079E-06	2.43632E+13
394	743	6.33208E-06	2.36538E+13
395	744	6.19891E-06	2.31875E+13
396	745	6.04111E-06	2.26276E+13
397	746	5.92499E-06	2.22224E+13
398	747	5.75545E-06	2.16155E+13
399	748	5.61319E-06	2.11094E+13
400	749	5.49764E-06	2.07025E+13
401	750	5.31313E-06	2.00344E+13
402	751	5.20099E-06	1.96377E+13
403	752	5.061E-06	1.91346E+13
404	753	4.98144E-06	1.88588E+13
405	754	4.86418E-06	1.84394E+13
406	755	4.72211E-06	1.79246E+13
407	756	4.62399E-06	1.75753E+13
408	757	4.50408E-06	1.71422E+13
409	758	4.39591E-06	1.67526E+13
410	759	4.29968E-06	1.64075E+13
411	760	4.19606E-06	1.60332E+13
412	761	4.09245E-06	1.56579E+13
413	762	3.97273E-06	1.52198E+13
414	763	3.88123E-06	1.48888E+13
415	764	3.81076E-06	1.46376E+13
416	765	3.69843E-06	1.42247E+13
417	766	3.63403E-06	1.39953E+13
418	767	3.5359E-06	1.36352E+13
419	768	3.43228E-06	1.32529E+13
420	769	3.35859E-06	1.29852E+13
421	770	3.26805E-06	1.26516E+13
422	771	3.19587E-06	1.23882E+13
423	772	3.10116E-06	1.20367E+13
424	773	3.03334E-06	1.17887E+13
425	774	2.9553E-06	1.15003E+13
426	775	2.91476E-06	1.13572E+13
427	776	2.84259E-06	1.10902E+13
428	777	2.73044E-06	1.06664E+13
429	778	2.67702E-06	1.04712E+13
430	779	2.62398E-06	1.02769E+13
431	780	2.56071E-06	1.0042E+13
432	781	2.50995E-06	9.85555E+12
433	782	2.43645E-06	9.5792E+12
434	783	2.39648E-06	9.4341E+12
435	784	2.32866E-06	9.17884E+12
436	785	2.27373E-06	8.97374E+12
437	786	2.22429E-06	8.78979E+12
438	787	2.15211E-06	8.5154E+12
439	788	2.11006E-06	8.35962E+12
440	789	2.05456E-06	8.15006E+12
441	790	1.99962E-06	7.94219E+12
442	791	1.96496E-06	7.81439E+12
443	792	1.90529E-06	7.58666E+12
444	793	1.84903E-06	7.37193E+12
445	794	1.81948E-06	7.26326E+12
446	795	1.78557E-06	7.13688E+12
447	796	1.76265E-06	7.05413E+12
448	797	1.70184E-06	6.81934E+12
449	798	1.65846E-06	6.65385E+12
450	799	1.62152E-06	6.5138E+12
451	800	1.60542E-06	6.45719E+12
452	801	1.5323E-06	6.1708E+12
453	802	1.51184E-06	6.09601E+12
454	803	1.47452E-06	5.95295E+12
455	804	1.43739E-06	5.81028E+12
456	805	1.40765E-06	5.69714E+12
457	806	1.37848E-06	5.58601E+12
458	807	1.33984E-06	5.43615E+12
459	808	1.31502E-06	5.34207E+12
460	809	1.28093E-06	5.21E+12
461	810	1.2707E-06	5.17478E+12
462	811	1.22542E-06	4.99657E+12
463	812	1.18792E-06	4.84961E+12
464	813	1.17882E-06	4.81842E+12
465	814	1.14851E-06	4.7003E+12
466	815	1.12199E-06	4.59741E+12
467	816	1.09187E-06	4.47949E+12
468	817	1.07198E-06	4.40327E+12
469	818	1.04262E-06	4.28791E+12
470	819	1.00322E-06	4.13091E+12
471	820	1.00076E-06	4.1258E+12
472	821	9.66661E-07	3.99009E+12
473	822	9.56053E-07	3.95111E+12
474	823	9.26313E-07	3.83286E+12
475	824	9.1059E-07	3.77238E+12
476	825	8.8748E-07	3.6811E+12
477	826	8.674E-07	3.60217E+12
478	827	8.41637E-07	3.49942E+12
479	828	8.34818E-07	3.47526E+12
480	829	8.19853E-07	3.41708E+12
481	830	7.91439E-07	3.30263E+12
482	831	7.72306E-07	3.22668E+12
483	832	7.49006E-07	3.1331E+12
484	833	7.54879E-07	3.16146E+12
485	834	7.29684E-07	3.05961E+12
486	835	7.06574E-07	2.96626E+12
487	836	6.99565E-07	2.94035E+12
488	837	6.80811E-07	2.86495E+12
489	838	6.63573E-07	2.79575E+12
490	839	6.38569E-07	2.69361E+12
491	840	6.43115E-07	2.71602E+12
492	841	6.24172E-07	2.63916E+12
493	842	6.07502E-07	2.57173E+12
494	843	5.96136E-07	2.52661E+12
495	844	5.77004E-07	2.44842E+12
496	845	5.69616E-07	2.41994E+12
497	846	5.55977E-07	2.36479E+12
498	847	5.34003E-07	2.27401E+12
499	848	5.33245E-07	2.27346E+12
500	849	5.25479E-07	2.24299E+12
501	850	5.2169E-07	2.22945E+12
502	851	5.00474E-07	2.14129E+12
503	852	4.90624E-07	2.10162E+12
504	853	4.7187E-07	2.02366E+12
505	854	4.50654E-07	1.93493E+12
506	855	4.5198E-07	1.9429E+12
507	856	4.45729E-07	1.91827E+12
508	857	4.52548E-07	1.94989E+12
509	858	4.24702E-07	1.83205E+12
510	859	4.17125E-07	1.80146E+12
511	860	4.13526E-07	1.78799E+12
512	861	3.95719E-07	1.71299E+12
513	862	3.76019E-07	1.6296E+12
514	863	3.80375E-07	1.6504E+12
515	864	3.72419E-07	1.61775E+12
516	865	3.70146E-07	1.60974E+12
517	866	3.49309E-07	1.52087E+12
518	867	3.60106E-07	1.56969E+12
519	868	3.59349E-07	1.5682E+12
520	869	3.39648E-07	1.48393E+12
521	870	3.26198E-07	1.42681E+12
522	871	3.22599E-07	1.41269E+12
523	872	3.22789E-07	1.41514E+12
524	873	3.07634E-07	1.35025E+12
525	874	2.91912E-07	1.28271E+12
526	875	2.97405E-07	1.30834E+12
527	876	2.99678E-07	1.31985E+12
528	877	2.85282E-07	1.25788E+12
529	878	2.96647E-07	1.30948E+12
530	879	2.91533E-07	1.28837E+12
531	880	2.74674E-07	1.21525E+12
532	881	2.79599E-07	1.23844E+12
533	882	2.78841E-07	1.23649E+12
534	883	2.84713E-07	1.26396E+12
535	884	2.76E-07	1.22666E+12
536	885	2.8926E-07	1.28705E+12
537	886	2.72021E-07	1.21172E+12
538	887	2.63308E-07	1.17423E+12
539	888	2.56488E-07	1.14511E+12
540	889	2.43796E-07	1.08967E+12
541	890	2.44744E-07	1.09513E+12
542	891	2.38303E-07	1.06751E+12
543	892	2.3603E-07	1.05851E+12
544	893	2.31294E-07	1.03844E+12
545	894	2.14624E-07	9.64676E+11
546	895	2.16518E-07	9.74279E+11
547	896	2.10646E-07	9.48914E+11
548	897	2.0288E-07	9.14947E+11
549	898	2.10457E-07	9.50177E+11
550	899	2.01743E-07	9.1185E+11
551	900	1.9928E-07	9.01721E+11
552	901	2.09699E-07	9.49919E+11
553	902	1.96249E-07	8.8998E+11
554	903	1.89998E-07	8.62587E+11
555	904	1.86399E-07	8.47184E+11
556	905	1.76738E-07	8.04163E+11
557	906	1.72002E-07	7.8348E+11
558	907	1.73897E-07	7.92983E+11
559	908	1.75791E-07	8.02505E+11
560	909	1.62531E-07	7.42788E+11
561	910	1.68024E-07	7.68739E+11
562	911	1.56659E-07	7.17526E+11
563	912	1.62152E-07	7.43503E+11
564	913	1.6935E-07	7.7736E+11
565	914	1.68214E-07	7.72989E+11
566	915	1.57227E-07	7.23291E+11
567	916	1.58174E-07	7.28444E+11
568	917	1.60826E-07	7.41466E+11
569	918	1.52112E-07	7.02057E+11
570	919	1.64804E-07	7.61463E+11
571	920	1.5287E-07	7.07091E+11
572	921	1.53628E-07	7.11368E+11
573	922	1.6613E-07	7.70095E+11
574	923	1.47377E-07	6.83904E+11
575	924	1.5609E-07	7.25125E+11
576	925	1.41883E-07	6.59838E+11
577	926	1.39799E-07	6.50851E+11
578	927	1.4283E-07	6.65679E+11
579	928	1.40178E-07	6.54024E+11
580	929	1.37147E-07	6.40572E+11
581	930	1.52112E-07	7.11234E+11
582	931	1.33548E-07	6.25105E+11
583	932	1.39231E-07	6.52405E+11
584	933	1.43209E-07	6.71765E+11
585	934	1.41883E-07	6.66258E+11
586	935	1.52302E-07	7.15948E+11
587	936	1.42451E-07	6.70359E+11
588	937	1.4624E-07	6.88923E+11
589	938	1.37526E-07	6.48565E+11
590	939	1.33927E-07	6.32265E+11
591	940	1.28244E-07	6.06081E+11
592	941	1.37337E-07	6.49743E+11
593	942	1.28623E-07	6.09165E+11
594	943	1.30896E-07	6.20588E+11
595	944	1.32412E-07	6.28439E+11
596	945	1.49839E-07	7.11905E+11
597	946	1.45861E-07	6.93739E+11
598	947	1.24834E-07	5.9436E+11
599	948	1.25971E-07	6.00405E+11
600	949	1.17068E-07	5.58558E+11
601	950	1.2294E-07	5.87195E+11
602	951	1.35064E-07	6.45779E+11
603	952	1.1309E-07	5.41284E+11
604	953	1.21803E-07	5.83603E+11
605	954	1.17636E-07	5.64227E+11
606	955	1.20667E-07	5.79371E+11
607	956	1.22561E-07	5.89083E+11
608	957	1.25971E-07	6.06105E+11
609	958	1.18583E-07	5.71155E+11
610	959	1.25024E-07	6.02805E+11
611	960	1.22182E-07	5.89719E+11
612	961	1.29949E-07	6.27858E+11
613	962	1.15742E-07	5.59797E+11
614	963	1.21235E-07	5.86976E+11
615	964	1.28623E-07	6.23391E+11
616	965	1.27297E-07	6.17605E+11
617	966	1.09869E-07	5.33604E+11
618	967	1.16121E-07	5.64548E+11
619	968	1.21803E-07	5.92789E+11
620	969	1.31464E-07	6.40468E+11
621	970	1.35632E-07	6.61453E+11
622	971	9.88825E-08	4.82729E+11
623	972	1.39231E-07	6.80405E+11
624	973	1.16121E-07	5.68051E+11
625	974	1.43209E-07	7.01285E+11
626	975	1.20477E-07	5.90576E+11
627	976	1.14984E-07	5.64225E+11
628	977	1.28055E-07	6.29007E+11
629	978	1.25403E-07	6.1661E+11
630	979	1.23319E-07	6.06985E+11
631	980	1.3942E-07	6.86939E+11
632	981	1.3279E-07	6.54939E+11
633	982	1.4302E-07	7.0611E+11
634	983	1.21425E-07	6.00103E+11
635	984	1.28812E-07	6.37262E+11
636	985	1.43399E-07	7.10143E+11
637	986	1.29002E-07	6.39496E+11
638	987	1.35253E-07	6.71165E+11
639	988	1.42641E-07	7.08542E+11
640	989	1.48892E-07	7.40343E+11
641	990	1.55711E-07	7.75034E+11
642	991	1.52302E-07	7.58829E+11
643	992	1.43399E-07	7.1519E+11
644	993	1.43967E-07	7.18748E+11
645	994	1.57227E-07	7.85739E+11
646	995	1.57416E-07	7.87477E+11
647	996	1.60258E-07	8.02497E+11
648	997	1.59311E-07	7.98556E+11
649	998	1.57795E-07	7.91753E+11
650	999	1.57037E-07	7.8874E+11
651	1000	1.72571E-07	8.67626E+11
652	1001	1.73139E-07	8.71353E+11
653	1002	1.73897E-07	8.76041E+11
654	1003	1.65372E-07	8.33929E+11
655	1004	1.45293E-07	7.33404E+11
656	1005	1.72002E-07	8.69092E+11
657	1006	1.63099E-07	8.24926E+11
658	1007	1.6632E-07	8.4205E+11
659	1008	1.83558E-07	9.30247E+11
660	1009	1.90377E-07	9.65764E+11
661	1010	1.89998E-07	9.64798E+11
662	1011	1.86589E-07	9.48421E+11
663	1012	1.74086E-07	8.85748E+11
664	1013	1.80716E-07	9.2039E+11
665	1014	1.79959E-07	9.17435E+11
666	1015	1.77306E-07	9.04807E+11
667	1016	1.87915E-07	9.59885E+11
668	1017	1.94355E-07	9.93762E+11
669	1018	1.83558E-07	9.39476E+11
670	1019	2.21065E-07	1.13255E+12
671	1020	2.22201E-07	1.13949E+12
672	1021	1.99659E-07	1.0249E+12
673	1022	2.1936E-07	1.12713E+12
674	1023	2.32431E-07	1.19546E+12
675	1024	2.34893E-07	1.2093E+12
676	1025	2.3584E-07	1.21537E+12
677	1026	2.20307E-07	1.13643E+12
678	1027	2.48343E-07	1.28229E+12
679	1028	2.50426E-07	1.29431E+12
680	1029	2.61413E-07	1.35241E+12
681	1030	2.64065E-07	1.36746E+12
682	1031	2.64065E-07	1.36879E+12
683	1032	2.96269E-07	1.5372E+12
684	1033	2.84145E-07	1.47573E+12
685	1034	2.65581E-07	1.38065E+12
686	1035	3.18811E-07	1.65897E+12
687	1036	3.19E-07	1.66156E+12
688	1037	3.18242E-07	1.65921E+12
689	1038	3.81891E-07	1.99298E+12
690	1039	3.63895E-07	1.90089E+12
691	1040	3.66168E-07	1.9146E+12
692	1041	3.83785E-07	2.00865E+12
693	1042	4.20156E-07	2.20112E+12
694	1043	4.19587E-07	2.20025E+12
695	1044	4.5539E-07	2.39028E+12
696	1045	4.35689E-07	2.28906E+12
697	1046	5.02368E-07	2.64192E+12
698	1047	5.10324E-07	2.68632E+12
699	1048	5.21501E-07	2.74778E+12
700	1049	5.0843E-07	2.68146E+12
701	1050	5.52378E-07	2.91602E+12
