i	lambda [nm]	el [W/(cm2nm)]	Photonen [cm-2 nm^-1 s-1]
1	350	2.39275E-06	4.21047E+12
2	351	2.64808E-06	4.67308E+12
3	352	2.72455E-06	4.82173E+12
4	353	3.02728E-06	5.3727E+12
5	354	2.64492E-06	4.7074E+12
6	355	2.65187E-06	4.7331E+12
7	356	2.82188E-06	5.05073E+12
8	357	2.63038E-06	4.7212E+12
9	358	2.66957E-06	4.80495E+12
10	359	2.69548E-06	4.86514E+12
11	360	2.93311E-06	5.3088E+12
12	361	2.66957E-06	4.84522E+12
13	362	2.68284E-06	4.8828E+12
14	363	2.92995E-06	5.34727E+12
15	364	2.70117E-06	4.94331E+12
16	365	2.74414E-06	5.03576E+12
17	366	2.47681E-06	4.55763E+12
18	367	2.8579E-06	5.27326E+12
19	368	2.81682E-06	5.21162E+12
20	369	2.6386E-06	4.89514E+12
21	370	2.81177E-06	5.23054E+12
22	371	0.000002686	5.01009E+12
23	372	2.82694E-06	5.28718E+12
24	373	2.87434E-06	5.39028E+12
25	374	2.93248E-06	5.51406E+12
26	375	3.08037E-06	5.80763E+12
27	376	2.88318E-06	5.45036E+12
28	377	2.81366E-06	5.33309E+12
29	378	3.09427E-06	5.88052E+12
30	379	3.03234E-06	5.77806E+12
31	380	3.18844E-06	6.09154E+12
32	381	3.17896E-06	6.08941E+12
33	382	3.13978E-06	6.03014E+12
34	383	3.43113E-06	6.60695E+12
35	384	3.53098E-06	6.81698E+12
36	385	3.51202E-06	6.79804E+12
37	386	3.70162E-06	7.18364E+12
38	387	3.97402E-06	7.73225E+12
39	388	4.14782E-06	8.09126E+12
40	389	4.29507E-06	8.40012E+12
41	390	4.36333E-06	8.55555E+12
42	391	4.56999E-06	8.98374E+12
43	392	4.77223E-06	9.4053E+12
44	393	4.98016E-06	9.84014E+12
45	394	5.11794E-06	1.01381E+13
46	395	5.36758E-06	1.06596E+13
47	396	5.67852E-06	1.13057E+13
48	397	5.97114E-06	1.19183E+13
49	398	6.3655E-06	1.27374E+13
50	399	6.99687E-06	1.4036E+13
51	400	7.2048E-06	1.44893E+13
52	401	7.70282E-06	1.55296E+13
53	402	8.43973E-06	1.70577E+13
54	403	8.98957E-06	1.82142E+13
55	404	9.43386E-06	1.91618E+13
56	405	1.03199E-05	2.10134E+13
57	406	1.08104E-05	2.20664E+13
58	407	1.16117E-05	2.37606E+13
59	408	1.23069E-05	2.5245E+13
60	409	1.34938E-05	2.77475E+13
61	410	1.48444E-05	3.05993E+13
62	411	1.58815E-05	3.2817E+13
63	412	1.75715E-05	3.63975E+13
64	413	1.9441E-05	4.03676E+13
65	414	2.18584E-05	4.5497E+13
66	415	2.4102E-05	5.02881E+13
67	416	2.71153E-05	5.67118E+13
68	417	3.07771E-05	6.45252E+13
69	418	3.46488E-05	7.28164E+13
70	419	3.90614E-05	8.22862E+13
71	420	4.42811E-05	9.35045E+13
72	421	5.04601E-05	1.06806E+14
73	422	5.74058E-05	1.21796E+14
74	423	6.49677E-05	1.38167E+14
75	424	7.25087E-05	1.54569E+14
76	425	8.27553E-05	1.76828E+14
77	426	9.34324E-05	2.00112E+14
78	427	0.000104052	2.23381E+14
79	428	0.000117209	2.52214E+14
80	429	0.000130998	2.82546E+14
81	430	0.000145934	3.15493E+14
82	431	0.000162667	3.52487E+14
83	432	0.000182173	3.95669E+14
84	433	0.000201741	4.39184E+14
85	434	0.00022277	4.86084E+14
86	435	0.000247389	5.41048E+14
87	436	0.000273485	5.99495E+14
88	437	0.000300865	6.61027E+14
89	438	0.000332321	7.31807E+14
90	439	0.00036821	8.1269E+14
91	440	0.000412954	9.13523E+14
92	441	0.000457327	1.01398E+15
93	442	0.000508476	1.12995E+15
94	443	0.000567525	1.26402E+15
95	444	0.000631331	1.40931E+15
96	445	0.000700671	1.56762E+15
97	446	0.000779211	1.74725E+15
98	447	0.000856486	1.92483E+15
99	448	0.000937963	2.11266E+15
100	449	0.001015355	2.29208E+15
101	450	0.001085929	2.45685E+15
102	451	0.001130207	2.56271E+15
103	452	0.001158103	2.63179E+15
104	453	0.001169361	2.66325E+15
105	454	0.001151783	2.62901E+15
106	455	0.001104909	2.52757E+15
107	456	0.001043155	2.39155E+15
108	457	0.000961293	2.2087E+15
109	458	0.000880738	2.02804E+15
110	459	0.000797617	1.84066E+15
111	460	0.000720449	1.6662E+15
112	461	0.000648539	1.50315E+15
113	462	0.000588347	1.3666E+15
114	463	0.000540577	1.25836E+15
115	464	0.000496912	1.15921E+15
116	465	0.000464662	1.08631E+15
117	466	0.000436517	1.02271E+15
118	467	0.000410472	9.63753E+14
119	468	0.000385432	9.06898E+14
120	469	0.000360245	8.49447E+14
121	470	0.000337341	7.97135E+14
122	471	0.000315819	7.47866E+14
123	472	0.000290498	6.89367E+14
124	473	0.000268749	6.39105E+14
125	474	0.000246242	5.8682E+14
126	475	0.000226499	5.40909E+14
127	476	0.000209238	5.00739E+14
128	477	0.00019154	4.59348E+14
129	478	0.000178785	4.29658E+14
130	479	0.000166853	4.01823E+14
131	480	0.000158378	3.82209E+14
132	481	0.000150146	3.63098E+14
133	482	0.000144234	3.49526E+14
134	483	0.000139508	3.38776E+14
135	484	0.000135685	3.30174E+14
136	485	0.000132975	3.24249E+14
137	486	0.000130778	3.19549E+14
138	487	0.000129152	3.16225E+14
139	488	0.000127787	3.13525E+14
140	489	0.000127292	3.1295E+14
141	490	0.000127837	3.14933E+14
142	491	0.000127963	3.15886E+14
143	492	0.000130243	3.22169E+14
144	493	0.000132574	3.28602E+14
145	494	0.000136233	3.38357E+14
146	495	0.000141362	3.51806E+14
147	496	0.000146005	3.64094E+14
148	497	0.000153407	3.83325E+14
149	498	0.00016075	4.02481E+14
150	499	0.000169584	4.25452E+14
151	500	0.00017955	4.51357E+14
152	501	0.00018947	4.77248E+14
153	502	0.000199286	5.02974E+14
154	503	0.00021087	5.33271E+14
155	504	0.000221666	5.61689E+14
156	505	0.000234331	5.94958E+14
157	506	0.000246328	6.26656E+14
158	507	0.000257873	6.57323E+14
159	508	0.000270156	6.89991E+14
160	509	0.00028343	7.25318E+14
161	510	0.000294197	7.54352E+14
162	511	0.000307302	7.89498E+14
163	512	0.000319672	8.22886E+14
164	513	0.000331061	8.53867E+14
165	514	0.00034376	8.88349E+14
166	515	0.000354934	9.19009E+14
167	516	0.000366025	9.49566E+14
168	517	0.000376487	9.78601E+14
169	518	0.00038651	1.0066E+15
170	519	0.000397147	1.0363E+15
171	520	0.00040706	1.06421E+15
172	521	0.00041502	1.08711E+15
173	522	0.000425129	1.11572E+15
174	523	0.000433252	1.13922E+15
175	524	0.000442506	1.16578E+15
176	525	0.000447527	1.18125E+15
177	526	0.000455383	1.20428E+15
178	527	0.000461278	1.22219E+15
179	528	0.000467454	1.2409E+15
180	529	0.000472095	1.2556E+15
181	530	0.000478722	1.27563E+15
182	531	0.000483499	1.29079E+15
183	532	0.00048763	1.30427E+15
184	533	0.00049104	1.31586E+15
185	534	0.000495028	1.32903E+15
186	535	0.000497957	1.3394E+15
187	536	0.000501904	1.35254E+15
188	537	0.000506023	1.36619E+15
189	538	0.000507917	1.37385E+15
190	539	0.000510058	1.38221E+15
191	540	0.000511646	1.38908E+15
192	541	0.000514099	1.39833E+15
193	542	0.000514922	1.40316E+15
194	543	0.00051758	1.413E+15
195	544	0.000518732	1.41875E+15
196	545	0.000518608	1.42102E+15
197	546	0.000521548	1.4317E+15
198	547	0.000522236	1.43621E+15
199	548	0.00052188	1.43786E+15
200	549	0.000522251	1.44151E+15
201	550	0.000523848	1.44855E+15
202	551	0.000523522	1.45028E+15
203	552	0.000522305	1.44953E+15
204	553	0.000525965	1.46234E+15
205	554	0.000525216	1.46289E+15
206	555	0.000523325	1.46026E+15
207	556	0.000524102	1.46506E+15
208	557	0.000523628	1.46637E+15
209	558	0.000522218	1.46505E+15
210	559	0.000521852	1.46664E+15
211	560	0.000521633	1.46865E+15
212	561	0.000521631	1.47127E+15
213	562	0.000519374	1.46751E+15
214	563	0.000520313	1.47278E+15
215	564	0.000518963	1.47157E+15
216	565	0.000518819	1.47377E+15
217	566	0.000517483	1.47258E+15
218	567	0.000515926	1.47074E+15
219	568	0.000513303	1.46584E+15
220	569	0.000513461	1.46887E+15
221	570	0.000510976	1.46434E+15
222	571	0.000509725	1.46331E+15
223	572	0.00050727	1.45881E+15
224	573	0.000507057	1.46075E+15
225	574	0.000504918	1.45713E+15
226	575	0.000502275	1.45203E+15
227	576	0.000500324	1.4489E+15
228	577	0.000497878	1.44432E+15
229	578	0.00049542	1.43968E+15
230	579	0.000494031	1.43813E+15
231	580	0.000491015	1.43182E+15
232	581	0.000487986	1.42544E+15
233	582	0.000485852	1.42165E+15
234	583	0.000482181	1.41333E+15
235	584	0.000478886	1.40608E+15
236	585	0.000477291	1.4038E+15
237	586	0.000473099	1.39385E+15
238	587	0.000470391	1.38823E+15
239	588	0.000466121	1.37798E+15
240	589	0.000463127	1.37145E+15
241	590	0.000459546	1.36316E+15
242	591	0.000455443	1.35328E+15
243	592	0.000451048	1.34248E+15
244	593	0.000448466	1.33706E+15
245	594	0.000444374	1.32709E+15
246	595	0.000440828	1.31871E+15
247	596	0.000435901	1.30617E+15
248	597	0.000431515	1.2952E+15
249	598	0.000428519	1.28836E+15
250	599	0.000424949	1.27976E+15
251	600	0.000419895	1.26665E+15
252	601	0.000416105	1.25731E+15
253	602	0.000411455	1.24533E+15
254	603	0.000406312	1.2318E+15
255	604	0.000402578	1.22251E+15
256	605	0.000397814	1.21004E+15
257	606	0.000393136	1.19779E+15
258	607	0.000389096	1.18744E+15
259	608	0.000383447	1.17213E+15
260	609	0.00037962	1.16234E+15
261	610	0.000373879	1.14664E+15
262	611	0.000369234	1.13425E+15
263	612	0.000363636	1.11888E+15
264	613	0.00035873	1.10559E+15
265	614	0.0003545	1.09433E+15
266	615	0.000349382	1.08029E+15
267	616	0.000344285	1.06626E+15
268	617	0.000339822	1.05415E+15
269	618	0.000333989	1.03773E+15
270	619	0.0003295	1.02544E+15
271	620	0.000323951	1.0098E+15
272	621	0.000319339	9.97031E+14
273	622	0.000314605	9.83833E+14
274	623	0.000309358	9.68981E+14
275	624	0.00030435	9.54825E+14
276	625	0.000299471	9.41023E+14
277	626	0.000294468	9.26783E+14
278	627	0.000289435	9.12397E+14
279	628	0.00028508	9.00102E+14
280	629	0.000280397	8.86725E+14
281	630	0.000275695	8.73242E+14
282	631	0.000270566	8.58355E+14
283	632	0.000265801	8.44576E+14
284	633	0.000261116	8.31002E+14
285	634	0.000257078	8.19444E+14
286	635	0.000252846	8.07224E+14
287	636	0.000248614	7.94964E+14
288	637	0.000243432	7.79618E+14
289	638	0.000238962	7.66504E+14
290	639	0.000234916	7.54706E+14
291	640	0.000230124	7.40471E+14
292	641	0.00022587	7.27918E+14
293	642	0.00022174	7.15721E+14
294	643	0.000217917	7.04477E+14
295	644	0.000213488	6.91232E+14
296	645	0.000209438	6.79175E+14
297	646	0.000205464	6.6732E+14
298	647	0.00020135	6.54968E+14
299	648	0.000198062	6.45269E+14
300	649	0.000193999	6.33009E+14
301	650	0.000189941	6.20723E+14
302	651	0.000186399	6.10084E+14
303	652	0.000182543	5.98382E+14
304	653	0.000179275	5.8857E+14
305	654	0.000175736	5.77836E+14
306	655	0.000172393	5.67708E+14
307	656	0.000168684	5.56343E+14
308	657	0.000165012	5.45062E+14
309	658	0.000161425	5.34027E+14
310	659	0.000158149	5.23983E+14
311	660	0.000155177	5.14918E+14
312	661	0.000151777	5.04398E+14
313	662	0.00014837	4.93821E+14
314	663	0.000145117	4.83722E+14
315	664	0.000141754	4.73227E+14
316	665	0.000139103	4.65076E+14
317	666	0.000135929	4.55146E+14
318	667	0.000133282	4.46953E+14
319	668	0.000130332	4.37715E+14
320	669	0.000127291	4.28144E+14
321	670	0.000123897	4.17349E+14
322	671	0.000121561	4.10092E+14
323	672	0.000119078	4.02314E+14
324	673	0.000116466	3.94074E+14
325	674	0.00011369	3.85254E+14
326	675	0.000111037	3.76824E+14
327	676	0.000108816	3.69834E+14
328	677	0.000106372	3.6206E+14
329	678	0.000104073	3.5476E+14
330	679	0.000101665	3.47063E+14
331	680	9.93675E-05	3.39718E+14
332	681	9.67933E-05	3.31404E+14
333	682	9.45649E-05	3.2425E+14
334	683	9.25968E-05	3.17967E+14
335	684	9.04013E-05	3.10882E+14
336	685	8.81792E-05	3.03684E+14
337	686	8.61365E-05	2.97082E+14
338	687	8.43752E-05	2.91432E+14
339	688	8.22554E-05	2.84524E+14
340	689	8.03493E-05	2.78334E+14
341	690	7.83851E-05	2.71924E+14
342	691	7.65662E-05	2.65999E+14
343	692	7.46594E-05	2.5975E+14
344	693	7.28519E-05	2.53828E+14
345	694	7.1344E-05	2.48933E+14
346	695	6.93904E-05	2.42465E+14
347	696	6.78932E-05	2.37575E+14
348	697	6.60958E-05	2.31618E+14
349	698	6.47105E-05	2.27089E+14
350	699	6.29118E-05	2.21093E+14
351	700	6.17293E-05	2.17248E+14
352	701	6.00476E-05	2.11631E+14
353	702	5.86717E-05	2.07077E+14
354	703	5.69982E-05	2.01457E+14
355	704	5.58201E-05	1.97574E+14
356	705	5.4529E-05	1.93278E+14
357	706	5.2923E-05	1.87852E+14
358	707	5.17399E-05	1.83912E+14
359	708	5.0536E-05	1.79887E+14
360	709	4.92606E-05	1.75595E+14
361	710	4.79827E-05	1.71281E+14
362	711	4.68066E-05	1.67318E+14
363	712	4.57303E-05	1.637E+14
364	713	4.48018E-05	1.60602E+14
365	714	4.38286E-05	1.57333E+14
366	715	4.25949E-05	1.53119E+14
367	716	4.15774E-05	1.4967E+14
368	717	4.05946E-05	1.46337E+14
369	718	3.96232E-05	1.43034E+14
370	719	3.86266E-05	1.39631E+14
371	720	3.76577E-05	1.36318E+14
372	721	3.68526E-05	1.33588E+14
373	722	3.59785E-05	1.30601E+14
374	723	3.51936E-05	1.27928E+14
375	724	3.42803E-05	1.24781E+14
376	725	3.3381E-05	1.21675E+14
377	726	3.25025E-05	1.18637E+14
378	727	3.17751E-05	1.16141E+14
379	728	3.09579E-05	1.1331E+14
380	729	3.0171E-05	1.10582E+14
381	730	2.9455E-05	1.08105E+14
382	731	2.86024E-05	1.0512E+14
383	732	2.80589E-05	1.03264E+14
384	733	2.72923E-05	1.00579E+14
385	734	2.66521E-05	9.83541E+13
386	735	2.59859E-05	9.60265E+13
387	736	2.53735E-05	9.3891E+13
388	737	2.46524E-05	9.13466E+13
389	738	2.40337E-05	8.91748E+13
390	739	2.35275E-05	8.74148E+13
391	740	2.28335E-05	8.49513E+13
392	741	2.22078E-05	8.27351E+13
393	742	2.17888E-05	8.12836E+13
394	743	2.11259E-05	7.89166E+13
395	744	2.06816E-05	7.73609E+13
396	745	2.01551E-05	7.5493E+13
397	746	1.97677E-05	7.41413E+13
398	747	1.92021E-05	7.21163E+13
399	748	1.87274E-05	7.04279E+13
400	749	1.83419E-05	6.90703E+13
401	750	1.77263E-05	6.68414E+13
402	751	1.73522E-05	6.55178E+13
403	752	1.68851E-05	6.38393E+13
404	753	1.66197E-05	6.29192E+13
405	754	1.62285E-05	6.15198E+13
406	755	1.57545E-05	5.98021E+13
407	756	1.54271E-05	5.8637E+13
408	757	1.50271E-05	5.7192E+13
409	758	1.46662E-05	5.58923E+13
410	759	1.43451E-05	5.47409E+13
411	760	1.39994E-05	5.3492E+13
412	761	1.36537E-05	5.22398E+13
413	762	1.32543E-05	5.07782E+13
414	763	1.2949E-05	4.96738E+13
415	764	1.27139E-05	4.88359E+13
416	765	1.23392E-05	4.74583E+13
417	766	1.21243E-05	4.66928E+13
418	767	1.17969E-05	4.54914E+13
419	768	1.14512E-05	4.42158E+13
420	769	1.12054E-05	4.33229E+13
421	770	1.09033E-05	4.22097E+13
422	771	1.06625E-05	4.13312E+13
423	772	1.03465E-05	4.01583E+13
424	773	1.01202E-05	3.9331E+13
425	774	9.85983E-06	3.83686E+13
426	775	9.72458E-06	3.78912E+13
427	776	9.48379E-06	3.70006E+13
428	777	9.10965E-06	3.55867E+13
429	778	8.93142E-06	3.49354E+13
430	779	8.75446E-06	3.42872E+13
431	780	8.54338E-06	3.35034E+13
432	781	0.000008374	3.28813E+13
433	782	8.12878E-06	3.19593E+13
434	783	7.99543E-06	3.14752E+13
435	784	7.76918E-06	3.06236E+13
436	785	7.5859E-06	2.99393E+13
437	786	7.42094E-06	2.93256E+13
438	787	7.18015E-06	2.84102E+13
439	788	7.03985E-06	2.78904E+13
440	789	6.85467E-06	2.71912E+13
441	790	6.67139E-06	2.64977E+13
442	791	6.55574E-06	2.60713E+13
443	792	6.35666E-06	2.53116E+13
444	793	6.16895E-06	2.45952E+13
445	794	6.07036E-06	2.42326E+13
446	795	5.95723E-06	2.3811E+13
447	796	5.88076E-06	2.35349E+13
448	797	5.67789E-06	2.27515E+13
449	798	5.53316E-06	2.21994E+13
450	799	5.40992E-06	2.17322E+13
451	800	5.3562E-06	2.15433E+13
452	801	5.11225E-06	2.05878E+13
453	802	5.04399E-06	2.03383E+13
454	803	4.91949E-06	1.9861E+13
455	804	4.79562E-06	1.9385E+13
456	805	4.69639E-06	1.90075E+13
457	806	4.59906E-06	1.86367E+13
458	807	4.47014E-06	1.81368E+13
459	808	4.38734E-06	1.78229E+13
460	809	4.27358E-06	1.73822E+13
461	810	4.23946E-06	1.72648E+13
462	811	4.08841E-06	1.66702E+13
463	812	3.96327E-06	1.61799E+13
464	813	3.93294E-06	1.60758E+13
465	814	3.83182E-06	1.56817E+13
466	815	3.74334E-06	1.53385E+13
467	816	3.64285E-06	1.4945E+13
468	817	3.57649E-06	1.46908E+13
469	818	3.47853E-06	1.43059E+13
470	819	3.34707E-06	1.37821E+13
471	820	3.33886E-06	1.3765E+13
472	821	3.2251E-06	1.33122E+13
473	822	3.1897E-06	1.31822E+13
474	823	3.09048E-06	1.27877E+13
475	824	3.03802E-06	1.25859E+13
476	825	2.96092E-06	1.22813E+13
477	826	2.89393E-06	1.2018E+13
478	827	2.80798E-06	1.16752E+13
479	828	2.78522E-06	1.15946E+13
480	829	2.7353E-06	1.14005E+13
481	830	2.6405E-06	1.10187E+13
482	831	2.57666E-06	1.07652E+13
483	832	2.49893E-06	1.0453E+13
484	833	2.51852E-06	1.05476E+13
485	834	2.43446E-06	1.02079E+13
486	835	2.35736E-06	9.89641E+12
487	836	2.33398E-06	9.80997E+12
488	837	2.27141E-06	9.55841E+12
489	838	2.2139E-06	9.32753E+12
490	839	2.13047E-06	8.98676E+12
491	840	2.14564E-06	9.06153E+12
492	841	2.08244E-06	8.80509E+12
493	842	2.02682E-06	8.58012E+12
494	843	1.9889E-06	8.42959E+12
495	844	1.92507E-06	8.16873E+12
496	845	1.90042E-06	8.0737E+12
497	846	1.85492E-06	7.8897E+12
498	847	1.78161E-06	7.58684E+12
499	848	1.77908E-06	7.58502E+12
500	849	1.75317E-06	7.48336E+12
501	850	1.74053E-06	7.43815E+12
502	851	1.66974E-06	7.14405E+12
503	852	1.63688E-06	7.01167E+12
504	853	1.57431E-06	6.75157E+12
505	854	1.50353E-06	6.45557E+12
506	855	1.50795E-06	6.48215E+12
507	856	1.4871E-06	6.39997E+12
508	857	1.50985E-06	6.50548E+12
509	858	1.41694E-06	6.11231E+12
510	859	1.39166E-06	6.01025E+12
511	860	1.37966E-06	5.96533E+12
512	861	1.32025E-06	5.7151E+12
513	862	1.25452E-06	5.43688E+12
514	863	1.26906E-06	5.50626E+12
515	864	1.24251E-06	5.39734E+12
516	865	1.23493E-06	5.3706E+12
517	866	1.16541E-06	5.07412E+12
518	867	1.20143E-06	5.23701E+12
519	868	1.1989E-06	5.23202E+12
520	869	1.13318E-06	4.95088E+12
521	870	1.0883E-06	4.7603E+12
522	871	1.0763E-06	4.71319E+12
523	872	1.07693E-06	4.72137E+12
524	873	1.02637E-06	4.50487E+12
525	874	9.73912E-07	4.27953E+12
526	875	9.9224E-07	4.36506E+12
527	876	9.99824E-07	4.40345E+12
528	877	9.51792E-07	4.19669E+12
529	878	9.89712E-07	4.36886E+12
530	879	9.72648E-07	4.29843E+12
531	880	9.164E-07	4.05446E+12
532	881	9.32832E-07	4.13185E+12
533	882	9.30304E-07	4.12533E+12
534	883	9.49896E-07	4.21698E+12
535	884	9.20824E-07	4.09255E+12
536	885	9.65064E-07	4.29403E+12
537	886	9.07552E-07	4.04269E+12
538	887	8.7848E-07	3.91761E+12
539	888	8.55728E-07	3.82044E+12
540	889	8.13384E-07	3.63549E+12
541	890	8.16544E-07	3.65372E+12
542	891	7.95056E-07	3.56156E+12
543	892	7.87472E-07	3.53155E+12
544	893	7.71672E-07	3.46457E+12
545	894	7.16056E-07	3.21847E+12
546	895	7.22376E-07	3.25051E+12
547	896	7.02784E-07	3.16588E+12
548	897	6.76872E-07	3.05256E+12
549	898	7.02152E-07	3.1701E+12
550	899	6.7308E-07	3.04223E+12
551	900	6.64864E-07	3.00843E+12
552	901	6.99624E-07	3.16924E+12
553	902	6.54752E-07	2.96926E+12
554	903	6.33896E-07	2.87787E+12
555	904	6.21888E-07	2.82648E+12
556	905	5.89656E-07	2.68295E+12
557	906	5.73856E-07	2.61394E+12
558	907	5.80176E-07	2.64565E+12
559	908	5.86496E-07	2.67742E+12
560	909	5.42256E-07	2.47818E+12
561	910	5.60584E-07	2.56476E+12
562	911	5.22664E-07	2.3939E+12
563	912	5.40992E-07	2.48057E+12
564	913	5.65008E-07	2.59353E+12
565	914	5.61216E-07	2.57894E+12
566	915	5.2456E-07	2.41313E+12
567	916	5.2772E-07	2.43032E+12
568	917	5.36568E-07	2.47377E+12
569	918	5.07496E-07	2.34229E+12
570	919	5.4984E-07	2.54049E+12
571	920	5.10024E-07	2.35909E+12
572	921	5.12552E-07	2.37336E+12
573	922	5.54264E-07	2.56929E+12
574	923	4.91696E-07	2.28173E+12
575	924	5.20768E-07	2.41925E+12
576	925	4.73368E-07	2.20143E+12
577	926	4.66416E-07	2.17145E+12
578	927	4.76528E-07	2.22092E+12
579	928	4.6768E-07	2.18204E+12
580	929	4.57568E-07	2.13716E+12
581	930	5.07496E-07	2.37291E+12
582	931	4.4556E-07	2.08555E+12
583	932	4.6452E-07	2.17663E+12
584	933	4.77792E-07	2.24123E+12
585	934	4.73368E-07	2.22285E+12
586	935	5.08128E-07	2.38864E+12
587	936	4.75264E-07	2.23654E+12
588	937	4.87904E-07	2.29847E+12
589	938	4.58832E-07	2.16382E+12
590	939	4.46824E-07	2.10944E+12
591	940	4.27864E-07	2.02208E+12
592	941	4.582E-07	2.16775E+12
593	942	4.29128E-07	2.03237E+12
594	943	4.36712E-07	2.07048E+12
595	944	4.41768E-07	2.09668E+12
596	945	4.99912E-07	2.37515E+12
597	946	4.8664E-07	2.31454E+12
598	947	4.16488E-07	1.98298E+12
599	948	4.2028E-07	2.00314E+12
600	949	3.90576E-07	1.86353E+12
601	950	4.10168E-07	1.95907E+12
602	951	4.50616E-07	2.15453E+12
603	952	3.77304E-07	1.8059E+12
604	953	4.06376E-07	1.94709E+12
605	954	3.92472E-07	1.88244E+12
606	955	4.02584E-07	1.93297E+12
607	956	4.08904E-07	1.96537E+12
608	957	4.2028E-07	2.02216E+12
609	958	3.95632E-07	1.90556E+12
610	959	4.1712E-07	2.01115E+12
611	960	4.0764E-07	1.96749E+12
612	961	4.33552E-07	2.09474E+12
613	962	3.86152E-07	1.86766E+12
614	963	4.0448E-07	1.95834E+12
615	964	4.29128E-07	2.07984E+12
616	965	4.24704E-07	2.06053E+12
617	966	3.6656E-07	1.78028E+12
618	967	3.87416E-07	1.88352E+12
619	968	4.06376E-07	1.97774E+12
620	969	4.38608E-07	2.13681E+12
621	970	4.52512E-07	2.20682E+12
622	971	3.29904E-07	1.61054E+12
623	972	4.6452E-07	2.27005E+12
624	973	3.87416E-07	1.8952E+12
625	974	4.77792E-07	2.33972E+12
626	975	4.01952E-07	1.97035E+12
627	976	3.83624E-07	1.88244E+12
628	977	4.27232E-07	2.09857E+12
629	978	4.18384E-07	2.05721E+12
630	979	4.11432E-07	2.0251E+12
631	980	4.65152E-07	2.29185E+12
632	981	4.43032E-07	2.18509E+12
633	982	4.7716E-07	2.35581E+12
634	983	4.05112E-07	2.00214E+12
635	984	4.2976E-07	2.12611E+12
636	985	4.78424E-07	2.36927E+12
637	986	4.30392E-07	2.13357E+12
638	987	4.51248E-07	2.23922E+12
639	988	4.75896E-07	2.36393E+12
640	989	4.96752E-07	2.47002E+12
641	990	5.19504E-07	2.58577E+12
642	991	5.08128E-07	2.5317E+12
643	992	4.78424E-07	2.38611E+12
644	993	4.8032E-07	2.39798E+12
645	994	5.2456E-07	2.62148E+12
646	995	5.25192E-07	2.62728E+12
647	996	5.34672E-07	2.67739E+12
648	997	5.31512E-07	2.66424E+12
649	998	5.26456E-07	2.64154E+12
650	999	5.23928E-07	2.63149E+12
651	1000	5.75752E-07	2.89468E+12
652	1001	5.77648E-07	2.90712E+12
653	1002	5.80176E-07	2.92276E+12
654	1003	5.51736E-07	2.78226E+12
655	1004	4.84744E-07	2.44687E+12
656	1005	5.73856E-07	2.89957E+12
657	1006	5.44152E-07	2.75222E+12
658	1007	5.54896E-07	2.80935E+12
659	1008	6.12408E-07	3.10361E+12
660	1009	6.3516E-07	3.2221E+12
661	1010	6.33896E-07	3.21888E+12
662	1011	6.2252E-07	3.16424E+12
663	1012	5.80808E-07	2.95514E+12
664	1013	6.02928E-07	3.07072E+12
665	1014	6.004E-07	3.06086E+12
666	1015	5.91552E-07	3.01873E+12
667	1016	6.26944E-07	3.20249E+12
668	1017	6.48432E-07	3.31551E+12
669	1018	6.12408E-07	3.1344E+12
670	1019	7.37544E-07	3.77857E+12
671	1020	7.41336E-07	3.80172E+12
672	1021	6.66128E-07	3.41939E+12
673	1022	7.31856E-07	3.76047E+12
674	1023	7.75464E-07	3.98843E+12
675	1024	7.8368E-07	4.03463E+12
676	1025	7.8684E-07	4.05486E+12
677	1026	7.35016E-07	3.79149E+12
678	1027	8.28552E-07	4.27814E+12
679	1028	8.35504E-07	4.31824E+12
680	1029	8.7216E-07	4.51208E+12
681	1030	8.81008E-07	4.56228E+12
682	1031	8.81008E-07	4.56671E+12
683	1032	9.88448E-07	5.1286E+12
684	1033	0.000000948	4.9235E+12
685	1034	8.86064E-07	4.60629E+12
686	1035	1.06366E-06	5.53486E+12
687	1036	1.06429E-06	5.5435E+12
688	1037	1.06176E-06	5.53567E+12
689	1038	1.27411E-06	6.64921E+12
690	1039	1.21407E-06	6.34198E+12
691	1040	1.22166E-06	6.38774E+12
692	1041	1.28043E-06	6.70151E+12
693	1042	1.40178E-06	7.34364E+12
694	1043	1.39988E-06	7.34075E+12
695	1044	1.51933E-06	7.97475E+12
696	1045	1.4536E-06	7.63706E+12
697	1046	1.67606E-06	8.81429E+12
698	1047	1.70261E-06	8.96245E+12
699	1048	1.7399E-06	9.16748E+12
700	1049	1.69629E-06	8.94623E+12
701	1050	1.84291E-06	9.7288E+12
