i	lambda [nm]	el [W/(cm2nm)]	Photonen [cm-2 nm^-1 s-1]
1	350	2.6977E-06	4.74708E+12
2	351	2.75282E-06	4.85792E+12
3	352	2.79204E-06	4.94117E+12
4	353	2.84822E-06	5.05491E+12
5	354	2.8196E-06	5.01829E+12
6	355	2.90334E-06	5.18193E+12
7	356	3.0104E-06	5.38815E+12
8	357	2.76236E-06	4.95808E+12
9	358	2.78462E-06	5.01204E+12
10	359	3.01888E-06	5.44886E+12
11	360	3.40896E-06	6.17006E+12
12	361	2.89698E-06	5.25797E+12
13	362	3.00616E-06	5.47124E+12
14	363	3.15032E-06	5.74945E+12
15	364	3.18742E-06	5.83319E+12
16	365	3.00192E-06	5.5088E+12
17	366	2.87154E-06	5.28398E+12
18	367	3.24466E-06	5.98688E+12
19	368	3.23088E-06	5.9777E+12
20	369	3.15668E-06	5.85628E+12
21	370	3.49058E-06	6.49329E+12
22	371	3.45242E-06	6.43966E+12
23	372	3.3655E-06	6.29445E+12
24	373	3.4715E-06	6.51015E+12
25	374	3.50224E-06	6.58541E+12
26	375	3.48952E-06	6.57903E+12
27	376	3.48846E-06	6.59457E+12
28	377	3.67608E-06	6.96773E+12
29	378	3.83932E-06	7.29645E+12
30	379	3.83296E-06	7.30363E+12
31	380	4.1446E-06	7.91829E+12
32	381	3.97818E-06	7.62034E+12
33	382	4.27498E-06	8.21037E+12
34	383	4.63008E-06	8.91564E+12
35	384	4.77318E-06	9.21519E+12
36	385	4.8389E-06	9.3664E+12
37	386	5.07634E-06	9.85152E+12
38	387	5.42084E-06	1.05473E+13
39	388	0.000005777	1.12694E+13
40	389	6.13846E-06	1.20053E+13
41	390	6.11302E-06	1.19863E+13
42	391	6.55928E-06	1.28943E+13
43	392	7.03098E-06	1.38569E+13
44	393	7.41046E-06	1.46421E+13
45	394	7.96696E-06	1.57817E+13
46	395	8.46092E-06	1.68027E+13
47	396	9.20716E-06	1.8331E+13
48	397	9.68416E-06	1.93294E+13
49	398	1.04474E-05	2.09052E+13
50	399	1.13749E-05	2.28183E+13
51	400	1.17013E-05	2.35321E+13
52	401	1.23819E-05	2.49629E+13
53	402	1.37641E-05	2.78188E+13
54	403	1.47817E-05	2.99498E+13
55	404	1.56488E-05	3.17854E+13
56	405	1.70957E-05	3.48102E+13
57	406	1.85648E-05	3.7895E+13
58	407	1.97499E-05	4.04134E+13
59	408	2.14449E-05	4.39895E+13
60	409	2.36963E-05	4.87269E+13
61	410	2.65657E-05	5.47609E+13
62	411	2.85712E-05	5.90386E+13
63	412	3.19484E-05	6.61777E+13
64	413	3.55492E-05	7.38151E+13
65	414	3.95878E-05	8.24E+13
66	415	4.41395E-05	9.20959E+13
67	416	4.95857E-05	1.03709E+14
68	417	5.61408E-05	1.17701E+14
69	418	6.23587E-05	1.31051E+14
70	419	7.05165E-05	1.48549E+14
71	420	8.09469E-05	1.70929E+14
72	421	9.17981E-05	1.94304E+14
73	422	0.000103489	2.19569E+14
74	423	0.000117665	2.50238E+14
75	424	0.000130831	2.78895E+14
76	425	0.000150171	3.20879E+14
77	426	0.000169926	3.63945E+14
78	427	0.000189186	4.06145E+14
79	428	0.000214197	4.60917E+14
80	429	0.000239525	5.16623E+14
81	430	0.000269011	5.81572E+14
82	431	0.000302421	6.55322E+14
83	432	0.000336283	7.30388E+14
84	433	0.000376173	8.18918E+14
85	434	0.000419642	9.1566E+14
86	435	0.000464626	1.01615E+15
87	436	0.000517424	1.13422E+15
88	437	0.000576593	1.26682E+15
89	438	0.000637731	1.40435E+15
90	439	0.000707703	1.562E+15
91	440	0.000790782	1.74934E+15
92	441	0.000866991	1.92229E+15
93	442	0.000943072	2.09572E+15
94	443	0.001023146	2.2788E+15
95	444	0.001083262	2.41814E+15
96	445	0.00112594	2.51907E+15
97	446	0.001163965	2.61E+15
98	447	0.001167767	2.62439E+15
99	448	0.001155225	2.60202E+15
100	449	0.001121756	2.53227E+15
101	450	0.001072839	2.42724E+15
102	451	0.001004954	2.2787E+15
103	452	0.000934499	2.12365E+15
104	453	0.000862652	1.96471E+15
105	454	0.000793844	1.81199E+15
106	455	0.000730409	1.67087E+15
107	456	0.000675159	1.54787E+15
108	457	0.000627102	1.44085E+15
109	458	0.000591193	1.36132E+15
110	459	0.000556582	1.28442E+15
111	460	0.000526032	1.21657E+15
112	461	0.000496875	1.15163E+15
113	462	0.000469651	1.09089E+15
114	463	0.00044367	1.03278E+15
115	464	0.000415621	9.69573E+14
116	465	0.000388275	9.07731E+14
117	466	0.000362209	8.48615E+14
118	467	0.00033738	7.92139E+14
119	468	0.000312601	7.35533E+14
120	469	0.000289496	6.82621E+14
121	470	0.000272443	6.43783E+14
122	471	0.000258476	6.12077E+14
123	472	0.000243771	5.78482E+14
124	473	0.000234442	5.57522E+14
125	474	0.00022695	5.40847E+14
126	475	0.000219947	5.25263E+14
127	476	0.000216205	5.17414E+14
128	477	0.000212043	5.08521E+14
129	478	0.00021143	5.08112E+14
130	479	0.00020894	5.03178E+14
131	480	0.00020918	5.04809E+14
132	481	0.000208075	5.03187E+14
133	482	0.000210027	5.08965E+14
134	483	0.000210008	5.09975E+14
135	484	0.000212563	5.17247E+14
136	485	0.000216059	5.2684E+14
137	486	0.000219366	5.36007E+14
138	487	0.000223973	5.4839E+14
139	488	0.000228692	5.61094E+14
140	489	0.000235383	5.78693E+14
141	490	0.000241924	5.95991E+14
142	491	0.000248023	6.12264E+14
143	492	0.000255865	6.32909E+14
144	493	0.00026369	6.5359E+14
145	494	0.000270718	6.72371E+14
146	495	0.000279938	6.96677E+14
147	496	0.000287271	7.16371E+14
148	497	0.000295435	7.38215E+14
149	498	0.000301592	7.55118E+14
150	499	0.000310583	7.79191E+14
151	500	0.000318632	8.00985E+14
152	501	0.000326049	8.21269E+14
153	502	0.000331147	8.35776E+14
154	503	0.000339638	8.58913E+14
155	504	0.000345048	8.7433E+14
156	505	0.000351793	8.93189E+14
157	506	0.000357621	9.09784E+14
158	507	0.000363652	9.26956E+14
159	508	0.000369045	9.42559E+14
160	509	0.000375469	9.60853E+14
161	510	0.00037814	9.6959E+14
162	511	0.000384938	9.88956E+14
163	512	0.00038937	1.0023E+15
164	513	0.000393129	1.01395E+15
165	514	0.000398618	1.03011E+15
166	515	0.000401768	1.04027E+15
167	516	0.000405331	1.05154E+15
168	517	0.000408848	1.06272E+15
169	518	0.000411894	1.0727E+15
170	519	0.000416338	1.08637E+15
171	520	0.000419199	1.09595E+15
172	521	0.000420987	1.10274E+15
173	522	0.000423703	1.11198E+15
174	523	0.0004264	1.1212E+15
175	524	0.000429201	1.13073E+15
176	525	0.000431064	1.1378E+15
177	526	0.000432517	1.14381E+15
178	527	0.000433477	1.14853E+15
179	528	0.000436177	1.15788E+15
180	529	0.000436649	1.16132E+15
181	530	0.000439814	1.17195E+15
182	531	0.00044103	1.17741E+15
183	532	0.0004422	1.18276E+15
184	533	0.000442908	1.18688E+15
185	534	0.000443393	1.19041E+15
186	535	0.000444453	1.19549E+15
187	536	0.000446906	1.20433E+15
188	537	0.000447409	1.20794E+15
189	538	0.000449061	1.21465E+15
190	539	0.000448753	1.21608E+15
191	540	0.000450567	1.22326E+15
192	541	0.000450748	1.22602E+15
193	542	0.000450377	1.22727E+15
194	543	0.000451918	1.23374E+15
195	544	0.000452859	1.23859E+15
196	545	0.000452846	1.24083E+15
197	546	0.000454571	1.24784E+15
198	547	0.000455408	1.25243E+15
199	548	0.000454708	1.25279E+15
200	549	0.00045535	1.25685E+15
201	550	0.000456084	1.26117E+15
202	551	0.000456412	1.26437E+15
203	552	0.000456145	1.26592E+15
204	553	0.000458398	1.27448E+15
205	554	0.000457684	1.27479E+15
206	555	0.000456805	1.27464E+15
207	556	0.000457433	1.2787E+15
208	557	0.000457145	1.28019E+15
209	558	0.000457037	1.28219E+15
210	559	0.000457011	1.28441E+15
211	560	0.000456147	1.28427E+15
212	561	0.000458063	1.29197E+15
213	562	0.000455328	1.28655E+15
214	563	0.000456436	1.29197E+15
215	564	0.000455292	1.29102E+15
216	565	0.000455722	1.29453E+15
217	566	0.000454508	1.29337E+15
218	567	0.000453875	1.29385E+15
219	568	0.000452477	1.29214E+15
220	569	0.000451481	1.29157E+15
221	570	0.00045144	1.29372E+15
222	571	0.000450397	1.293E+15
223	572	0.00044824	1.28906E+15
224	573	0.00044764	1.28958E+15
225	574	0.000446871	1.28961E+15
226	575	0.000444888	1.28613E+15
227	576	0.000444966	1.28859E+15
228	577	0.000442827	1.28462E+15
229	578	0.000439874	1.27826E+15
230	579	0.000440522	1.28236E+15
231	580	0.000438536	1.27879E+15
232	581	0.000436467	1.27495E+15
233	582	0.0004342	1.27051E+15
234	583	0.000431929	1.26604E+15
235	584	0.000429767	1.26186E+15
236	585	0.000429084	1.26201E+15
237	586	0.000426458	1.25643E+15
238	587	0.000424342	1.25233E+15
239	588	0.000422347	1.24857E+15
240	589	0.000420284	1.24458E+15
241	590	0.000417975	1.23985E+15
242	591	0.000414887	1.23277E+15
243	592	0.000412265	1.22705E+15
244	593	0.000410431	1.22366E+15
245	594	0.000407657	1.21744E+15
246	595	0.000404477	1.20997E+15
247	596	0.000402093	1.20486E+15
248	597	0.000398606	1.19642E+15
249	598	0.000395833	1.19009E+15
250	599	0.000393221	1.18421E+15
251	600	0.000389391	1.17463E+15
252	601	0.000386757	1.16863E+15
253	602	0.000382766	1.1585E+15
254	603	0.000379637	1.15094E+15
255	604	0.00037639	1.14298E+15
256	605	0.000372827	1.13404E+15
257	606	0.000368829	1.12373E+15
258	607	0.000365436	1.11523E+15
259	608	0.000360588	1.10225E+15
260	609	0.000357522	1.09468E+15
261	610	0.000352483	1.08102E+15
262	611	0.000348774	1.0714E+15
263	612	0.000344064	1.05866E+15
264	613	0.00034044	1.04922E+15
265	614	0.000335769	1.03651E+15
266	615	0.000331764	1.02582E+15
267	616	0.000326725	1.01188E+15
268	617	0.000322362	9.99986E+14
269	618	0.000317694	9.87102E+14
270	619	0.000313247	9.74861E+14
271	620	0.000308379	9.61263E+14
272	621	0.000304	9.49139E+14
273	622	0.000299355	9.36142E+14
274	623	0.000295251	9.24794E+14
275	624	0.000289533	9.08338E+14
276	625	0.000284808	8.94948E+14
277	626	0.0002803	8.82191E+14
278	627	0.000275597	8.68774E+14
279	628	0.000270931	8.55427E+14
280	629	0.000266442	8.42593E+14
281	630	0.000261465	8.28169E+14
282	631	0.000256519	8.13793E+14
283	632	0.000251729	7.99862E+14
284	633	0.000247418	7.87408E+14
285	634	0.000242913	7.74292E+14
286	635	0.000238761	7.62258E+14
287	636	0.000233912	7.47955E+14
288	637	0.000229109	7.33749E+14
289	638	0.000224457	7.19978E+14
290	639	0.000219972	7.06698E+14
291	640	0.000215425	6.93172E+14
292	641	0.000211076	6.80239E+14
293	642	0.00020645	6.66369E+14
294	643	0.000201991	6.52994E+14
295	644	0.000197796	6.40425E+14
296	645	0.000193715	6.28186E+14
297	646	0.000189742	6.16256E+14
298	647	0.000185142	6.02246E+14
299	648	0.000181486	5.91266E+14
300	649	0.000177554	5.7935E+14
301	650	0.000173452	5.66837E+14
302	651	0.000169253	5.53967E+14
303	652	0.00016536	5.42055E+14
304	653	0.000161592	5.30515E+14
305	654	0.000158094	5.19825E+14
306	655	0.000154457	5.08644E+14
307	656	0.000150381	4.95978E+14
308	657	0.000146468	4.83807E+14
309	658	0.000143433	4.74504E+14
310	659	0.000139586	4.6248E+14
311	660	0.000136512	4.52981E+14
312	661	0.000132815	4.41381E+14
313	662	0.000129749	4.31845E+14
314	663	0.000126261	4.20869E+14
315	664	0.000122856	4.10138E+14
316	665	0.00011986	4.00737E+14
317	666	0.000116473	3.89999E+14
318	667	0.00011376	3.81489E+14
319	668	0.000111029	3.72887E+14
320	669	0.00010764	3.62046E+14
321	670	0.000104742	3.52826E+14
322	671	0.000101951	3.43937E+14
323	672	9.94672E-05	3.36058E+14
324	673	9.70006E-05	3.28212E+14
325	674	9.44545E-05	3.20072E+14
326	675	9.15999E-05	3.10859E+14
327	676	8.94322E-05	3.03953E+14
328	677	8.69211E-05	2.95855E+14
329	678	8.43696E-05	2.87595E+14
330	679	8.22634E-05	2.80829E+14
331	680	7.98403E-05	2.72958E+14
332	681	7.76015E-05	2.65695E+14
333	682	7.54349E-05	2.58656E+14
334	683	0.000073352	2.51882E+14
335	684	7.12914E-05	2.45165E+14
336	685	6.92911E-05	2.38635E+14
337	686	6.72676E-05	2.32004E+14
338	687	6.53946E-05	2.25873E+14
339	688	6.35958E-05	2.19979E+14
340	689	6.17588E-05	2.13936E+14
341	690	5.9872E-05	2.07701E+14
342	691	5.83869E-05	2.02842E+14
343	692	5.68075E-05	1.97641E+14
344	693	5.53627E-05	1.92893E+14
345	694	5.4096E-05	1.88751E+14
346	695	5.21753E-05	1.82312E+14
347	696	5.03553E-05	1.76206E+14
348	697	4.87791E-05	1.70935E+14
349	698	4.74329E-05	1.66456E+14
350	699	4.60273E-05	1.61755E+14
351	700	4.47384E-05	1.5745E+14
352	701	4.34271E-05	1.53054E+14
353	702	4.20756E-05	1.48502E+14
354	703	4.08005E-05	1.44207E+14
355	704	3.95147E-05	1.39861E+14
356	705	3.84356E-05	1.36235E+14
357	706	3.74795E-05	1.33034E+14
358	707	3.61577E-05	1.28524E+14
359	708	3.52853E-05	1.25601E+14
360	709	3.41023E-05	1.21561E+14
361	710	3.31621E-05	1.18377E+14
362	711	3.20957E-05	1.14731E+14
363	712	3.12891E-05	1.12005E+14
364	713	3.03552E-05	1.08815E+14
365	714	2.94786E-05	1.05821E+14
366	715	2.86391E-05	1.02951E+14
367	716	2.78377E-05	1.0021E+14
368	717	2.70183E-05	9.73964E+13
369	718	2.61873E-05	9.45323E+13
370	719	2.5457E-05	9.20239E+13
371	720	2.4662E-05	8.92741E+13
372	721	2.39274E-05	8.67352E+13
373	722	2.31525E-05	8.40428E+13
374	723	2.25727E-05	8.20516E+13
375	724	2.18816E-05	7.96494E+13
376	725	0.000021253	7.74682E+13
377	726	2.06573E-05	7.54006E+13
378	727	2.01972E-05	7.3823E+13
379	728	1.94415E-05	7.11583E+13
380	729	1.89517E-05	6.94611E+13
381	730	1.83497E-05	6.73467E+13
382	731	1.7631E-05	6.47976E+13
383	732	1.72239E-05	6.33883E+13
384	733	1.6678E-05	6.14631E+13
385	734	1.62222E-05	5.98649E+13
386	735	1.57368E-05	5.81524E+13
387	736	1.51887E-05	5.62037E+13
388	737	1.47086E-05	5.45008E+13
389	738	1.44542E-05	5.36308E+13
390	739	1.39485E-05	5.18249E+13
391	740	1.34599E-05	5.0077E+13
392	741	1.30899E-05	4.87664E+13
393	742	1.27391E-05	4.75234E+13
394	743	1.23649E-05	4.61896E+13
395	744	1.19695E-05	4.47729E+13
396	745	1.15784E-05	4.3368E+13
397	746	1.12667E-05	4.22574E+13
398	747	1.09106E-05	4.09764E+13
399	748	1.06996E-05	4.0238E+13
400	749	1.03138E-05	3.88388E+13
401	750	1.01272E-05	3.81872E+13
402	751	9.77744E-06	3.69173E+13
403	752	9.52622E-06	3.60167E+13
404	753	9.22624E-06	3.49289E+13
405	754	8.96866E-06	3.39988E+13
406	755	8.76726E-06	3.32794E+13
407	756	8.50544E-06	3.23284E+13
408	757	8.22454E-06	3.1302E+13
409	758	8.0507E-06	3.06809E+13
410	759	7.78676E-06	2.97142E+13
411	760	7.55144E-06	2.88542E+13
412	761	7.37018E-06	2.81986E+13
413	762	0.000007102	2.72083E+13
414	763	6.95784E-06	2.6691E+13
415	764	6.78824E-06	2.60745E+13
416	765	6.61546E-06	2.54441E+13
417	766	6.38862E-06	2.46037E+13
418	767	6.20842E-06	2.3941E+13
419	768	5.98158E-06	2.30963E+13
420	769	5.82258E-06	2.25116E+13
421	770	5.69644E-06	2.20526E+13
422	771	5.57136E-06	2.15964E+13
423	772	5.38162E-06	2.08879E+13
424	773	5.27138E-06	2.04866E+13
425	774	5.0668E-06	1.9717E+13
426	775	4.92264E-06	1.91807E+13
427	776	4.82618E-06	1.88291E+13
428	777	4.64068E-06	1.81287E+13
429	778	4.53044E-06	1.77209E+13
430	779	0.000004452	1.74364E+13
431	780	4.28558E-06	1.68062E+13
432	781	4.17534E-06	1.63949E+13
433	782	4.06404E-06	1.59783E+13
434	783	3.97818E-06	1.56607E+13
435	784	3.88384E-06	1.53089E+13
436	785	3.71318E-06	1.46548E+13
437	786	3.60294E-06	1.42379E+13
438	787	3.53086E-06	1.39708E+13
439	788	3.50648E-06	1.38919E+13
440	789	3.33476E-06	1.32284E+13
441	790	3.2595E-06	1.29462E+13
442	791	3.17152E-06	1.26127E+13
443	792	3.14714E-06	1.25316E+13
444	793	3.02842E-06	1.20741E+13
445	794	2.94256E-06	1.17466E+13
446	795	2.82702E-06	1.12996E+13
447	796	2.74964E-06	1.10041E+13
448	797	2.72102E-06	1.09032E+13
449	798	2.65848E-06	1.0666E+13
450	799	2.60124E-06	1.04494E+13
451	800	2.51008E-06	1.00958E+13
452	801	2.46662E-06	9.93345E+12
453	802	2.39242E-06	9.64666E+12
454	803	2.33412E-06	9.42332E+12
455	804	2.2737E-06	9.19082E+12
456	805	2.20904E-06	8.94056E+12
457	806	2.1889E-06	8.87005E+12
458	807	2.08078E-06	8.44238E+12
459	808	2.08396E-06	8.46576E+12
460	809	1.99916E-06	8.13132E+12
461	810	1.96948E-06	8.02051E+12
462	811	1.92072E-06	7.83159E+12
463	812	1.8762E-06	7.6595E+12
464	813	1.80094E-06	7.36131E+12
465	814	1.79988E-06	7.36602E+12
466	815	1.73098E-06	7.09275E+12
467	816	1.69706E-06	6.9623E+12
468	817	1.64618E-06	6.76184E+12
469	818	1.59742E-06	6.56958E+12
470	819	0.000001537	6.32882E+12
471	820	1.51474E-06	6.24478E+12
472	821	1.45114E-06	5.98987E+12
473	822	1.43842E-06	5.9446E+12
474	823	1.44478E-06	5.97815E+12
475	824	1.3727E-06	5.6868E+12
476	825	1.38754E-06	5.75526E+12
477	826	1.33136E-06	5.52893E+12
478	827	1.28684E-06	5.35051E+12
479	828	1.2455E-06	5.18489E+12
480	829	1.23066E-06	5.1293E+12
481	830	1.17766E-06	4.91432E+12
482	831	1.17448E-06	4.90695E+12
483	832	1.17554E-06	4.91729E+12
484	833	1.12254E-06	4.70124E+12
485	834	1.1289E-06	4.73355E+12
486	835	1.09074E-06	4.57902E+12
487	836	1.03986E-06	4.37065E+12
488	837	1.02608E-06	4.31789E+12
489	838	9.8898E-07	4.16674E+12
490	839	9.7308E-07	4.10465E+12
491	840	9.7414E-07	4.11402E+12
492	841	9.434E-07	3.98894E+12
493	842	9.5294E-07	4.03406E+12
494	843	8.798E-07	3.72887E+12
495	844	8.8934E-07	3.77377E+12
496	845	8.2362E-07	3.49904E+12
497	846	8.2468E-07	3.50769E+12
498	847	8.1726E-07	3.48024E+12
499	848	0.000000795	3.38944E+12
500	849	8.1832E-07	3.49298E+12
501	850	7.6744E-07	3.27966E+12
502	851	7.5896E-07	3.24723E+12
503	852	7.314E-07	3.133E+12
504	853	6.996E-07	3.0003E+12
505	854	6.9006E-07	2.96285E+12
506	855	6.996E-07	3.00733E+12
507	856	6.9112E-07	2.97435E+12
508	857	6.4978E-07	2.79971E+12
509	858	6.7416E-07	2.90814E+12
510	859	6.4448E-07	2.78335E+12
511	860	5.9678E-07	2.58035E+12
512	861	5.989E-07	2.59252E+12
513	862	5.8512E-07	2.53581E+12
514	863	6.0526E-07	2.62614E+12
515	864	5.7346E-07	2.49105E+12
516	865	5.618E-07	2.44322E+12
517	866	5.5438E-07	2.41374E+12
518	867	5.353E-07	2.33336E+12
519	868	5.0986E-07	2.22503E+12
520	869	5.2046E-07	2.27391E+12
521	870	4.8866E-07	2.13743E+12
522	871	4.717E-07	2.06561E+12
523	872	5.088E-07	2.23064E+12
524	873	4.717E-07	2.07036E+12
525	874	4.6428E-07	2.04012E+12
526	875	4.664E-07	2.05178E+12
527	876	4.5156E-07	1.98877E+12
528	877	4.346E-07	1.91626E+12
529	878	4.7806E-07	2.11029E+12
530	879	4.6958E-07	2.07522E+12
531	880	4.3248E-07	1.91344E+12
532	881	4.5262E-07	2.00482E+12
533	882	4.2188E-07	1.87078E+12
534	883	4.611E-07	2.04702E+12
535	884	4.346E-07	1.93156E+12
536	885	4.4308E-07	1.97147E+12
537	886	4.134E-07	1.84149E+12
538	887	4.187E-07	1.8672E+12
539	888	3.9856E-07	1.77939E+12
540	889	4.0916E-07	1.82877E+12
541	890	3.9962E-07	1.78814E+12
542	891	3.7948E-07	1.69993E+12
543	892	3.7948E-07	1.70184E+12
544	893	3.9856E-07	1.78941E+12
545	894	4.028E-07	1.81047E+12
546	895	3.9114E-07	1.76003E+12
547	896	3.8478E-07	1.73335E+12
548	897	3.127E-07	1.41022E+12
549	898	3.4344E-07	1.55057E+12
550	899	3.3072E-07	1.49481E+12
551	900	3.5086E-07	1.5876E+12
551	901	3.2012E-07	1.45012E+12
551	902	3.3602E-07	1.52383E+12
551	903	3.4874E-07	1.58327E+12
551	904	3.2436E-07	1.47422E+12
551	905	3.392E-07	1.54337E+12
551	906	2.968E-07	1.35194E+12
551	907	0.000000318	1.45011E+12
551	908	3.498E-07	1.59687E+12
551	909	3.4026E-07	1.55503E+12
551	910	2.8514E-07	1.30456E+12
551	911	3.2648E-07	1.49534E+12
551	912	3.0422E-07	1.39492E+12
551	913	3.2966E-07	1.51322E+12
551	914	2.9044E-07	1.33465E+12
551	915	2.9362E-07	1.35074E+12
551	916	2.9786E-07	1.37174E+12
551	917	3.0422E-07	1.40256E+12
551	918	2.6606E-07	1.22797E+12
551	919	2.5758E-07	1.19013E+12
551	920	2.8832E-07	1.33361E+12
551	921	2.6182E-07	1.21235E+12
551	922	2.5334E-07	1.17436E+12
551	923	3.127E-07	1.45109E+12
551	924	2.9574E-07	1.37388E+12
551	925	2.703E-07	1.25705E+12
551	926	3.074E-07	1.43113E+12
551	927	2.915E-07	1.35857E+12
551	928	2.8302E-07	1.32048E+12
551	929	2.6076E-07	1.21793E+12
551	930	2.7772E-07	1.29854E+12
551	931	3.1058E-07	1.45375E+12
551	932	2.9892E-07	1.40067E+12
551	933	2.756E-07	1.29278E+12
551	934	2.5334E-07	1.18964E+12
551	935	2.862E-07	1.34538E+12
551	936	3.0422E-07	1.43162E+12
551	937	2.8302E-07	1.33328E+12
551	938	2.5652E-07	1.20973E+12
551	939	2.8514E-07	1.34614E+12
551	940	2.5652E-07	1.21231E+12
551	941	2.8832E-07	1.36405E+12
551	942	2.9892E-07	1.4157E+12
551	943	2.9998E-07	1.42223E+12
551	944	2.7454E-07	1.303E+12
551	945	2.9786E-07	1.41517E+12
551	946	2.7878E-07	1.32592E+12
551	947	2.968E-07	1.41312E+12
551	948	2.7242E-07	1.29841E+12
551	949	2.7878E-07	1.33013E+12
551	950	2.8196E-07	1.34672E+12
551	951	2.7242E-07	1.30252E+12
551	952	2.8514E-07	1.36477E+12
551	953	2.3744E-07	1.13766E+12
551	954	2.7878E-07	1.33713E+12
551	955	2.491E-07	1.19603E+12
551	956	3.1164E-07	1.49788E+12
551	957	2.8196E-07	1.35664E+12
551	958	2.756E-07	1.32742E+12
551	959	2.5758E-07	1.24193E+12
551	960	2.5016E-07	1.20741E+12
551	961	2.5228E-07	1.21891E+12
551	962	2.7454E-07	1.32784E+12
551	963	2.7984E-07	1.35488E+12
551	964	2.544E-07	1.23299E+12
551	965	2.9468E-07	1.42969E+12
551	966	2.7984E-07	1.3591E+12
551	967	3.127E-07	1.52027E+12
551	968	3.0316E-07	1.47541E+12
551	969	3.3284E-07	1.62153E+12
551	970	2.6182E-07	1.27685E+12
551	971	3.3178E-07	1.6197E+12
551	972	2.703E-07	1.32092E+12
551	973	3.7206E-07	1.82008E+12
551	974	2.6712E-07	1.30807E+12
551	975	3.339E-07	1.63676E+12
551	976	3.4238E-07	1.68005E+12
551	977	3.1906E-07	1.56723E+12
551	978	3.0634E-07	1.50629E+12
551	979	3.3496E-07	1.6487E+12
551	980	3.3708E-07	1.66083E+12
551	981	3.3284E-07	1.64161E+12
551	982	3.0316E-07	1.49675E+12
551	983	3.6676E-07	1.81259E+12
551	984	3.4662E-07	1.7148E+12
551	985	3.4662E-07	1.71654E+12
551	986	3.4238E-07	1.69727E+12
551	987	3.2966E-07	1.63587E+12
551	988	4.081E-07	2.02716E+12
551	989	3.8584E-07	1.91853E+12
551	990	3.6888E-07	1.83605E+12
551	991	3.7524E-07	1.8696E+12
551	992	3.9326E-07	1.96136E+12
551	993	3.3814E-07	1.68815E+12
551	994	3.922E-07	1.96001E+12
551	995	4.3566E-07	2.1794E+12
551	996	3.7206E-07	1.86311E+12
551	997	4.081E-07	2.04563E+12
551	998	3.6358E-07	1.8243E+12
551	999	4.4308E-07	2.22542E+12
551	1000	3.7524E-07	1.88658E+12
551	1001	3.7842E-07	1.90447E+12
551	1002	4.187E-07	2.10929E+12
551	1003	4.028E-07	2.03121E+12
551	1004	4.0386E-07	2.03859E+12
551	1005	3.551E-07	1.79425E+12
551	1006	5.1198E-07	2.5895E+12
551	1007	3.9856E-07	2.01785E+12
551	1008	4.5156E-07	2.28845E+12
551	1009	4.6322E-07	2.34987E+12
551	1010	4.4096E-07	2.23916E+12
551	1011	5.035E-07	2.55927E+12
551	1012	4.611E-07	2.34607E+12
551	1013	4.1234E-07	2.10005E+12
551	1014	4.2506E-07	2.16697E+12
551	1015	5.0138E-07	2.55858E+12
551	1016	5.2682E-07	2.69105E+12
551	1017	4.9502E-07	2.5311E+12
551	1018	4.6322E-07	2.37083E+12
551	1019	4.5686E-07	2.34057E+12
551	1020	5.0244E-07	2.57662E+12
551	1021	4.6852E-07	2.40502E+12
551	1022	6.3494E-07	3.26249E+12
551	1023	6.9112E-07	3.55463E+12
551	1024	6.1162E-07	3.14881E+12
551	1025	5.7876E-07	2.98255E+12
551	1026	5.7982E-07	2.99093E+12
551	1027	7.2822E-07	3.76009E+12
551	1028	7.4624E-07	3.85689E+12
551	1029	7.1656E-07	3.70709E+12
551	1030	8.8086E-07	4.56152E+12
551	1031	7.7592E-07	4.02199E+12
551	1032	6.8476E-07	3.5529E+12
551	1033	8.1832E-07	4.25E+12
551	1034	8.9994E-07	4.67842E+12
551	1035	8.5118E-07	4.42922E+12
551	1036	8.8722E-07	4.62122E+12
551	1037	8.2786E-07	4.31619E+12
551	1038	8.374E-07	4.37014E+12
551	1039	9.169E-07	4.78964E+12
551	1040	1.2349E-06	6.45699E+12
551	1041	1.00912E-06	5.28152E+12
551	1042	1.20098E-06	6.29171E+12
551	1043	1.2137E-06	6.36445E+12
551	1044	1.3727E-06	7.20512E+12
551	1045	1.41828E-06	7.4515E+12
551	1046	1.38754E-06	7.29697E+12
551	1047	1.24868E-06	6.57299E+12
551	1048	1.4522E-06	7.65161E+12
551	1049	1.51368E-06	7.98316E+12
551	1050	1.49248E-06	7.87885E+12
